         100   15.533298611111110        4.7899999618530273        36.943000793457031        121.29499816894531                1
         728   81.376944444444447        4.6999998092651367        35.823169708251953        117.76149749755859                1
        1289   88.506574074074081        5.7500000000000000        33.095718383789062        115.66369628906250                1
        2975   132.13133101851852        4.1399998664855957        36.630828857421875        121.36129760742188                1
        3307   146.20678240740742        4.0199999809265137        35.097068786621094        118.52629852294922                1
        3758   166.91006944444445        4.1199998855590820        32.607830047607422        118.03500366210938                1
        4955   221.66028935185184        5.4499998092651367        33.651500701904297        119.10820007324219                1
        6168   271.72796296296298        4.7600002288818359        33.624950408935547        118.99369812011719                1
        6564   289.94068287037038        4.7100000381469727        35.010799407958984        119.15339660644531                1
        8810   410.86874999999998        4.6199998855590820        35.768501281738281        117.73429870605469                1
        9016   414.90666666666669        4.0000000000000000        35.589828491210938        117.45929718017578                1
        9296   425.37046296296296        4.4800000190734863        33.065898895263672        116.20760345458984                1
        9462   432.83916666666664        4.1999998092651367        32.974639892578125        115.88700103759766                1
        9867   447.45984953703703        4.0100002288818359        34.073699951171875        118.98560333251953                1
       11027   490.53157407407406        4.0700001716613770        31.420499801635742        115.83229827880859                1
       11033   490.57255787037036        4.3600001335144043        33.561698913574219        118.22049713134766                1
       11128   493.54373842592594        4.3099999427795410        31.658830642700195        115.85369873046875                1
       11305   500.69569444444443        4.0700001716613770        37.461830139160156        118.25579833984375                1
       11544   511.99259259259259        4.8099999427795410        33.553199768066406        116.66349792480469                1
       11839   515.42884259259256        4.0900001525878906        36.582000732421875        121.16069793701172                1
       11974   521.16554398148151        4.1900000572204590        35.967670440673828        120.54550170898438                1
       13307   589.13275462962963        4.2300000190734863        36.519168853759766        121.21299743652344                1
       13404   594.22321759259262        4.1300001144409180        32.937301635742188        115.82369995117188                1
       13791   612.14442129629629        4.0599999427795410        37.458671569824219        118.82029724121094                1
       14127   621.60348379629625        5.1199998855590820        35.723899841308594        117.75489807128906                1
       15830   645.93472222222226        5.5500001907348633        36.538330078125000        120.41719818115234                1
       16255   661.47320601851857        4.0900001525878906        34.060199737548828        116.66549682617188                1
       17247   713.38012731481479        4.0399999618530273        35.805118560791016        117.73729705810547                1
       18720   749.50103009259260        4.0799999237060547        36.514999389648438        120.83020019531250                1
       19126   766.09619212962969        4.3800001144409180        33.087001800537109        117.91600036621094                1
       20344   823.25243055555552        4.5999999046325684        30.389999389648438        114.05000305175781                1
       20409   839.74861111111113        4.0199999809265137        37.093330383300781        121.39499664306641                1
       20418   839.98800925925923        6.0700001716613770        35.872169494628906        119.93170166015625                1
       20636   846.11748842592590        5.1799998283386230        36.208499908447266        120.23529815673828                1
       21027   861.37659722222224        4.6199998855590820        36.245300292968750        120.27870178222656                1
       21312   875.22127314814816        4.1399998664855957        36.016170501708984        120.19170379638672                1
       21415   879.13187500000004        5.0300002098083496        36.135330200195312        120.44850158691406                1
       21742   897.33931712962965        4.6500000953674316        32.630168914794922        117.30699920654297                1
       21962   912.88666666666666        4.1399998664855957        33.200328826904297        115.52899932861328                1
       22256   921.11104166666667        5.6700000762939453        36.144199371337891        120.36920166015625                1
       22551   924.93865740740739        5.3299999237060547        36.231800079345703        120.33920288085938                1
       23090   942.91846064814820        4.0999999046325684        36.192199707031250        120.08480072021484                1
       23507   959.42394675925925        5.1500000953674316        35.804000854492188        121.45649719238281                1
       23763   970.38627314814812        5.1900000572204590        36.252300262451172        120.24120330810547                1
       24930   1013.9473726851852        4.5199999809265137        35.907218933105469        118.32759857177734                1
       27411   1075.7528703703704        4.0199999809265137        36.076301574707031        120.16799926757812                1
       29297   1135.4049652777778        4.4000000953674316        36.273998260498047        120.32029724121094                1
       29532   1143.0668981481481        4.0199999809265137        37.462669372558594        118.34970092773438                1
       29609   1145.0885532407408        4.2300000190734863        33.133998870849609        116.07679748535156                1
       31376   1191.1448611111111        4.1500000953674316        32.129001617431641        115.78620147705078                1
       32449   1216.8142592592592        4.2600002288818359        34.701541900634766        119.91999816894531                1
       32480   1217.8064004629630        4.1199998855590820        36.172199249267578        120.28269958496094                1
       33261   1240.9797222222223        4.0500001907348633        32.346889495849609        115.19860076904297                1
       33595   1252.0193518518518        4.0399999618530273        34.547290802001953        118.99929809570312                1
       33892   1260.8111689814814        4.0500001907348633        34.952499389648438        120.73950195312500                1
       34009   1264.5056134259260        4.0900001525878906        31.849170684814453        115.84519958496094                1
       35247   1308.3434722222223        4.2100000381469727        33.984039306640625        116.71820068359375                1
       36228   1340.4605671296297        4.3099999427795410        32.957828521728516        117.78700256347656                1
       37192   1374.8909490740741        4.5000000000000000        33.146011352539062        116.49980163574219                1
       37613   1389.4416782407407        4.5300002098083496        34.726799011230469        120.13500213623047                1
       37653   1390.7227199074075        4.5599999427795410        34.033298492431641        118.99549865722656                1
       38402   1418.7558449074074        6.0300002098083496        37.403831481933594        118.60500335693359                1
       39385   1435.3355439814816        4.2399997711181641        32.004829406738281        116.36019897460938                1
       40140   1460.4481712962963        4.1700000762939453        36.173698425292969        120.32270050048828                1
       41594   1496.2904629629629        4.6100001335144043        35.458000183105469        118.89830017089844                1
       43268   1544.6702662037037        4.7699999809265137        37.467170715332031        118.56980133056641                1
       43500   1553.1700115740741        4.0700001716613770        34.388359069824219        119.04640197753906                1
       44216   1576.1688425925927        4.0199999809265137        37.396671295166016        118.59249877929688                1
       44455   1585.1407870370369        4.5700001716613770        37.468669891357422        118.56900024414062                1
       44570   1587.9684374999999        4.4099998474121094        35.285499572753906        119.34320068359375                1
       44673   1589.9863425925926        4.8699998855590820        31.882169723510742        115.85630035400391                1
       44811   1592.3745601851851        4.1999998092651367        36.240169525146484        120.23220062255859                1
       45839   1621.0350810185184        4.2800002098083496        31.846830368041992        115.84230041503906                1
       46806   1649.4407870370371        4.7199997901916504        31.108169555664062        114.30370330810547                1
       47291   1661.5870949074074        4.0199999809265137        34.428741455078125        116.53800201416016                1
       47723   1678.5013310185186        5.6599998474121094        36.171501159667969        120.09970092773438                1
       47892   1680.5374305555556        4.3099999427795410        31.521169662475586        115.92829895019531                1
       48198   1690.0773148148148        4.0599999427795410        36.201560974121094        117.86710357666016                1
       48652   1701.1278472222223        4.4000000953674316        37.399829864501953        118.54949951171875                1
       49707   1738.9890277777777        4.5799999237060547        34.031501770019531        117.23349761962891                1
       49899   1744.9289583333334        4.0399999618530273        36.172161102294922        120.25229644775391                1
       51136   1791.8067013888890        4.3499999046325684        36.027000427246094        120.86699676513672                1
       52961   1867.0065046296297        4.4299998283386230        31.842330932617188        115.84500122070312                1
       53773   1901.6480902777778        4.1399998664855957        34.422599792480469        119.79209899902344                1
       56623   2008.5506712962963        4.2800002098083496        31.952499389648438        115.03880310058594                1
       56897   2023.3893981481481        5.6500000953674316        34.001701354980469        116.60569763183594                1
       58066   2027.2398958333333        4.0500001907348633        33.993598937988281        116.64620208740234                1
       58277   2028.5744097222223        5.4499998092651367        32.991168975830078        117.84629821777344                1
       58931   2032.8578009259259        4.4600000381469727        33.995189666748047        116.63970184326172                1
       59390   2036.6234953703704        4.6300001144409180        37.422000885009766        118.56680297851562                1
       59406   2036.7704976851851        4.0199999809265137        33.027000427246094        117.80500030517578                1
       60030   2044.3456249999999        4.3099999427795410        32.957828521728516        117.80850219726562                1
       60149   2046.3073958333334        5.7199997901916504        37.496330261230469        118.31520080566406                1
       63305   2107.4112384259261        4.1799998283386230        33.005168914794922        117.78620147705078                1
       63546   2117.2343055555557        4.0199999809265137        37.400501251220703        118.33450317382812                1
       63737   2123.1033217592594        4.0000000000000000        33.954799652099609        116.57369995117188                1
       64178   2137.1098958333332        4.4800000190734863        32.641330718994141        117.11250305175781                1
       66270   2239.1564236111112        5.3800001144409180        32.401000976562500        115.31020355224609                1
       66527   2246.3103009259257        4.6300001144409180        36.191669464111328        120.33679962158203                1
       68103   2324.8085879629630        4.0700001716613770        36.879329681396484        121.19380187988281                1
       68328   2336.6320486111113        4.1199998855590820        34.312240600585938        116.91780090332031                1
       71745   2481.6127199074076        5.9000000953674316        34.060890197753906        118.09010314941406                1
       72626   2504.9989814814817        4.0300002098083496        33.679550170898438        119.03749847412109                1
       73626   2535.5527314814813        6.5999999046325684        32.999801635742188        115.82700347900391                1
       75563   2544.1665162037038        4.6300001144409180        31.876670837402344        115.83599853515625                1
       75564   2544.1688078703705        4.5700001716613770        32.998218536376953        115.81009674072266                1
       76451   2557.7665046296297        4.0199999809265137        35.373630523681641        118.78420257568359                1
       78139   2598.5539930555556        5.4899997711181641        31.657829284667969        115.74330139160156                1
       78324   2601.1208564814815        4.6700000762939453        32.903301239013672        115.67379760742188                1
       78686   2614.3807870370370        4.1399998664855957        31.881830215454102        115.83270263671875                1
       78709   2615.6429976851850        4.6900000572204590        34.076679229736328        118.05509948730469                1
       78988   2626.3216782407408        4.1999998092651367        35.483329772949219        119.72730255126953                1
       79203   2632.3283680555555        4.0799999237060547        32.624488830566406        115.83699798583984                1
       79902   2658.3630439814815        4.0100002288818359        34.269031524658203        119.61560058593750                1
       80233   2670.8624768518516        4.3400001525878906        36.395999908447266        120.39649963378906                1
       81239   2714.8184837962963        4.2600002288818359        33.233890533447266        116.25640106201172                1
       81745   2738.9629861111111        5.3699998855590820        34.926651000976562        118.75759887695312                1
       82181   2754.6284490740741        4.6599998474121094        34.138198852539062        117.71160125732422                1
       82329   2761.0187268518516        4.4000000953674316        33.481769561767578        116.45140075683594                1
       82457   2764.7630439814816        4.4000000953674316        36.382331848144531        118.02839660644531                1
       83778   2821.6981018518518        5.2500000000000000        31.785169601440430        115.81179809570312                1
       84065   2833.5587268518520        4.0399999618530273        33.868659973144531        118.44670104980469                1
       85110   2871.6724652777780        4.0100002288818359        37.249828338623047        118.49369812011719                1
       85116   2871.9499305555555        4.1799998283386230        33.020938873291016        115.39019775390625                1
       85576   2903.2357407407408        4.8299999237060547        33.512031555175781        118.08039855957031                1
       85631   2905.3317013888891        4.1999998092651367        37.429668426513672        118.52449798583984                1
       85928   2917.4850231481482        5.0199999809265137        34.141399383544922        118.14150238037109                1
       86210   2930.2451851851852        5.0300002098083496        33.983699798583984        116.68699645996094                1
       86775   2954.9592245370372        4.0500001907348633        34.508338928222656        120.67680358886719                1
       86904   2960.6527199074076        4.2899999618530273        32.958671569824219        117.72380065917969                1
       86977   2964.2871296296298        4.9600000381469727        33.920871734619141        118.62650299072266                1
       87749   2990.6554861111113        4.0999999046325684        35.061229705810547        119.15480041503906                1
       87830   2994.3035185185186        4.0500001907348633        34.009819030761719        117.73789978027344                1
       88274   3013.9283217592592        4.5799999237060547        33.128849029541016        115.60189819335938                1
       88908   3036.3957060185185        4.3099999427795410        34.921268463134766        119.00469970703125                1
       89099   3045.8385300925925        4.8000001907348633        33.629840850830078        117.94819641113281                1
       90552   3104.8985995370372        4.2899999618530273        34.590679168701172        116.84069824218750                1
       90702   3112.7064467592591        4.8200001716613770        34.006881713867188        118.17320251464844                1
       91275   3142.1760879629628        4.5999999046325684        37.424999237060547        118.62699890136719                1
       94641   3287.5261805555556        4.0700001716613770        36.808170318603516        121.31770324707031                1
       94696   3288.9699884259257        4.4200000762939453        33.649570465087891        116.74330139160156                1
       94839   3296.1810416666667        4.5300002098083496        35.698169708251953        121.44429779052734                1
       95009   3304.2687962962964        4.1399998664855957        33.738948822021484        116.02429962158203                1
       95278   3314.4035648148147        4.2300000190734863        34.198688507080078        117.38040161132812                1
       95673   3328.0570601851850        4.0100002288818359        35.222591400146484        118.21559906005859                1
       95732   3329.3821874999999        4.1399998664855957        36.502498626708984        120.77469635009766                1
       96544   3366.6617939814814        4.2899999618530273        33.505710601806641        116.45320129394531                1
       96859   3376.9886111111109        5.5100002288818359        34.149250030517578        117.71790313720703                1
       96944   3380.1410069444446        4.7199997901916504        34.157909393310547        117.72339630126953                1
       97485   3386.3031944444447        4.1199998855590820        37.430671691894531        118.70330047607422                1
       98366   3414.3712962962964        4.5199999809265137        32.956501007080078        117.81800079345703                1
       98448   3417.0465740740742        4.1399998664855957        33.873821258544922        116.15350341796875                1
       98869   3427.9392013888887        4.5000000000000000        34.107578277587891        117.72589874267578                1
       98914   3428.6061111111112        4.0399999618530273        33.880001068115234        116.16369628906250                1
       99308   3442.3618402777779        4.0100002288818359        32.098670959472656        117.57669830322266                1
      101174   3539.8937847222223        4.1100001335144043        33.331230163574219        116.41110229492188                1
      101671   3565.1513773148149        4.4899997711181641        33.243160247802734        116.05290222167969                1
      102212   3592.0373263888887        4.1399998664855957        31.771999359130859        115.82599639892578                1
      102547   3609.1640625000000        4.2300000190734863        31.589830398559570        115.93129730224609                1
      103980   3676.7060532407409        4.2500000000000000        35.376548767089844        118.85729980468750                1
      104895   3724.6934375000001        4.2600002288818359        36.055999755859375        121.74299621582031                1
      107671   3872.6138194444443        5.8000001907348633        34.268699645996094        117.98380279541016                1
      107754   3873.7457291666665        4.0900001525878906        34.898170471191406        116.59429931640625                1
      107886   3880.7374537037035        4.1300001144409180        34.488811492919922        118.55780029296875                1
      108162   3894.1122222222220        4.1199998855590820        33.212398529052734        115.96669769287109                1
      109402   3954.8822685185187        5.0100002288818359        35.819671630859375        121.34580230712891                1
      110040   3980.6107754629629        4.0100002288818359        33.902931213378906        116.15740203857422                1
      111219   4033.7462268518520        5.3200001716613770        31.659830093383789        115.88349914550781                1
      111243   4034.2992708333331        4.2699999809265137        33.078998565673828        116.78279876708984                1
      111244   4034.3451736111110        4.0900001525878906        34.183418273925781        117.02020263671875                1
      111582   4050.4433912037039        4.1500000953674316        35.533699035644531        117.37280273437500                1
      113021   4111.4718055555559        4.0599999427795410        36.025268554687500        117.88549804687500                1
      114156   4127.7961342592589        4.3000001907348633        32.938999176025391        118.79299926757812                1
      115486   4177.2016435185187        6.0999999046325684        33.973598480224609        116.30729675292969                1
      116769   4180.2681365740737        4.4699997901916504        33.958419799804688        116.30010223388672                1
      118800   4189.6804282407411        4.9800000190734863        33.970779418945312        116.29609680175781                1
      119805   4197.1051736111112        4.4400000572204590        33.985599517822266        116.26360321044922                1
      120471   4203.6557523148149        4.9600000381469727        33.960750579833984        116.33650207519531                1
      121246   4212.4562037037040        4.5999999046325684        30.671670913696289        114.40650177001953                1
      122122   4227.0168750000003        4.3400001525878906        34.178379058837891        116.34480285644531                1
      122974   4244.4982986111108        7.3000001907348633        34.200698852539062        116.43499755859375                1
      123418   4245.0543171296295        4.6700000762939453        35.161701202392578        117.35849761962891                1
      123728   4245.4266319444441        5.4000000953674316        36.532001495361328        116.52980041503906                1
      125922   4249.5828819444441        4.1500000953674316        35.610500335693359        121.14749908447266                1
      127344   4252.2876620370371        4.4400000572204590        36.591171264648438        116.32499694824219                1
      127626   4252.8878125000001        5.4200000762939453        34.581569671630859        116.31600189208984                1
      130439   4258.7598958333338        5.6700000762939453        35.201999664306641        118.06120300292969                1
      133505   4267.5509143518520        4.6799998283386230        34.993129730224609        116.95279693603516                1
      134872   4271.7601273148148        4.9600000381469727        33.896930694580078        116.27410125732422                1
      135954   4274.8612037037037        4.0300002098083496        32.611091613769531        115.59559631347656                1
      135979   4274.9242939814812        4.0300002098083496        36.101509094238281        117.67900085449219                1
      136293   4275.7687847222223        4.5999999046325684        34.118221282958984        116.42089843750000                1
      138572   4283.9324074074075        4.7899999618530273        34.981899261474609        116.96869659423828                1
      141629   4295.8623958333337        5.2300000190734863        34.194099426269531        116.86689758300781                1
      142962   4302.5776041666668        4.2899999618530273        34.274288177490234        116.76719665527344                1
      143972   4307.8961921296295        4.0799999237060547        32.347000122070312        115.24079895019531                1
      144256   4309.3928240740743        4.3600001335144043        34.458499908447266        116.47260284423828                1
      144510   4311.4349537037033        5.5999999046325684        37.090000152587891        113.47170257568359                1
      145795   4318.4895138888887        4.2399997711181641        35.071529388427734        117.00209808349609                1
      145800   4318.5352314814818        4.3200001716613770        33.951480865478516        116.32890319824219                1
      146553   4322.4905208333330        4.4200000762939453        36.655998229980469        116.29830169677734                1
      146878   4324.3660879629633        5.2600002288818359        34.071800231933594        116.36109924316406                1
      147096   4325.2601157407407        4.2300000190734863        36.019828796386719        119.89029693603516                1
      148173   4331.7864814814811        4.0599999427795410        35.108699798583984        116.73169708251953                1
      148911   4336.7077893518517        4.0700001716613770        36.017669677734375        119.89869689941406                1
      149514   4342.3055208333335        4.5900001525878906        34.599250793457031        116.63749694824219                1
      150752   4351.5265277777780        4.5199999809265137        34.948200225830078        116.80290222167969                1
      151770   4360.2278819444446        4.3000001907348633        35.918670654296875        120.48899841308594                1
      155456   4398.6673263888888        5.2899999618530273        34.340850830078125        116.88670349121094                1
      156184   4406.0895486111112        5.2600002288818359        34.355388641357422        116.91300201416016                1
      156351   4407.1201041666664        4.0300002098083496        36.433670043945312        120.16100311279297                1
      156960   4413.0684490740741        4.1199998855590820        34.270999908447266        116.40370178222656                1
      158581   4431.2399537037036        4.0100002288818359        33.482891082763672        116.47170257568359                1
      159613   4449.2705439814818        4.4000000953674316        37.019001007080078        121.46199798583984                1
      160840   4475.5275000000001        4.5000000000000000        35.021648406982422        116.97350311279297                1
      161037   4479.3330092592596        4.1900000572204590        34.400299072265625        116.46640014648438                1
      163476   4530.2232060185188        4.1999998092651367        35.945499420166016        120.50029754638672                1
      165675   4574.9727777777780        6.0999999046325684        37.170669555664062        117.78679656982422                1
      166037   4577.8432175925927        4.5199999809265137        36.098339080810547        117.70189666748047                1
      166703   4585.1997685185188        5.1900000572204590        35.130500793457031        119.11869812011719                1
      166880   4587.6396064814817        4.0199999809265137        36.741168975830078        116.07019805908203                1
      166920   4588.3718634259258        4.1100001335144043        34.126300811767578        116.99729919433594                1
      168877   4627.9567592592593        4.0100002288818359        34.248260498046875        116.43219757080078                1
      170429   4661.9396064814819        4.5000000000000000        37.345169067382812        121.79779815673828                1
      170845   4671.0740393518518        5.0000000000000000        34.032161712646484        116.32199859619141                1
      171882   4688.4753124999997        4.0399999618530273        32.414508819580078        115.35150146484375                1
      174125   4723.7914930555553        4.1100001335144043        32.451278686523438        115.02780151367188                1
      174592   4730.9095486111109        4.7199997901916504        31.973499298095703        118.83670043945312                1
      175073   4738.3917476851848        4.0199999809265137        34.939819335937500        116.64820098876953                1
      175970   4757.5177546296300        4.6399998664855957        35.952838897705078        120.51399993896484                1
      177673   4794.7340509259257        4.0900001525878906        32.426418304443359        115.35209655761719                1
      178662   4816.4540625000000        4.3000001907348633        36.946830749511719        121.80300140380859                1
      178952   4822.5214583333336        6.6999998092651367        34.258171081542969        118.56040191650391                1
      181159   4827.9542708333329        4.6399998664855957        34.368061065673828        118.60199737548828                1
      182681   4834.4726157407404        5.0599999427795410        34.311889648437500        118.58740234375000                1
      183219   4837.3346180555554        4.0100002288818359        37.329170227050781        118.30429840087891                1
      183590   4840.0070486111108        4.0399999618530273        36.430168151855469        117.02649688720703                1
      183965   4842.5551620370370        4.0900001525878906        34.288570404052734        118.49539947509766                1
      184719   4850.3793287037033        4.3299999237060547        30.847499847412109        115.27130126953125                1
      185611   4861.5410995370366        4.0300002098083496        34.349460601806641        118.50689697265625                1
      187209   4887.8890162037032        5.2399997711181641        34.225601196289062        118.51370239257812                1
      187405   4890.1244328703706        5.2699999809265137        31.552000045776367        116.16449737548828                1
      187889   4898.8333217592590        4.3299999237060547        36.207168579101562        120.28130340576172                1
      188273   4904.7923958333331        4.7800002098083496        34.192390441894531        117.09470367431641                1
      188332   4905.7723379629633        4.5500001907348633        31.560329437255859        115.91850280761719                1
      189086   4919.6925347222223        4.4299998283386230        36.309829711914062        120.43029785156250                1
      190768   4954.5395370370370        4.4000000953674316        34.303428649902344        118.41979980468750                1
      191689   4971.8117129629627        4.0000000000000000        30.031669616699219        114.50669860839844                1
      191849   4975.2498495370373        4.1300001144409180        34.297389984130859        118.41870117187500                1
      191924   4976.6836458333337        4.9699997901916504        34.270790100097656        116.39540100097656                1
      192796   4995.2932291666666        4.0000000000000000        31.655000686645508        113.48000335693359                1
      194265   5023.8989583333332        4.8499999046325684        34.643371582031250        116.53569793701172                1
      194662   5033.0992245370371        4.6300001144409180        32.355609893798828        115.21530151367188                1
      195519   5050.0573263888891        4.0000000000000000        36.887500762939453        121.48069763183594                1
      197146   5087.5837384259257        4.9000000953674316        31.257329940795898        114.57599639892578                1
      197837   5103.0346990740745        4.1799998283386230        35.514461517333984        117.49169921875000                1
      199502   5135.1886921296300        4.2100000381469727        34.016578674316406        116.31999969482422                1
      200251   5152.1587152777774        4.5399999618530273        34.280979156494141        118.41139984130859                1
      200923   5166.4359606481485        4.8800001144409180        35.920501708984375        120.47669982910156                1
      202650   5206.6684027777774        4.2500000000000000        31.864500045776367        117.21980285644531                1
      203451   5227.8918634259262        4.3400001525878906        34.062900543212891        118.91310119628906                1
      204789   5265.6055787037039        4.1999998092651367        31.235670089721680        114.12229919433594                1
      205892   5293.3622453703701        4.5999999046325684        36.531501770019531        121.14320373535156                1
      206374   5308.4607870370373        4.7699999809265137        33.906238555908203        116.27690124511719                1
      207796   5348.1809722222224        4.0999999046325684        36.790161132812500        121.32530212402344                1
      208032   5353.8872222222226        4.2699999809265137        32.972499847412109        117.83630371093750                1
      208213   5358.3614351851847        5.0199999809265137        34.393669128417969        118.67739868164062                1
      208875   5375.9152777777781        4.0000000000000000        36.592998504638672        121.19599914550781                1
      209520   5394.5241550925930        4.0000000000000000        37.064830780029297        116.39730072021484                1
      209573   5396.8127199074070        4.1999998092651367        30.113330841064453        114.19170379638672                1
      209960   5408.0240856481478        4.0000000000000000        30.214000701904297        113.97599792480469                1
      210143   5411.9444212962962        5.3600001335144043        35.765499114990234        117.65950012207031                1
      211757   5424.6457638888887        4.2100000381469727        35.780170440673828        117.64420318603516                1
      212110   5430.8522916666670        4.4400000572204590        34.195350646972656        116.43479919433594                1
      212471   5436.7759606481477        4.2399997711181641        35.780929565429688        117.65959930419922                1
      212588   5438.8588657407408        4.1999998092651367        37.074501037597656        121.55449676513672                1
      212997   5445.9774884259259        5.7500000000000000        35.748699188232422        117.63700103759766                1
      214142   5450.1996412037033        4.9000000953674316        35.806949615478516        117.61460113525391                1
      214517   5452.6977083333331        4.1999998092651367        36.576999664306641        121.17500305175781                1
      216117   5474.5292129629634        4.1599998474121094        35.735969543457031        117.63480377197266                1
      216555   5482.1698726851855        4.0000000000000000        30.593000411987305        113.85399627685547                1
      218302   5516.9670486111108        4.4000000953674316        36.815498352050781        121.58429718017578                1
      218570   5523.1846643518520        4.1500000953674316        35.729709625244141        117.62670135498047                1
      218876   5531.2679861111110        4.0999999046325684        36.981670379638672        121.47170257568359                1
      219527   5545.4048263888890        4.1999998092651367        34.246078491210938        118.59660339355469                1
      219684   5549.9085879629629        4.0900001525878906        35.093189239501953        118.30390167236328                1
      219963   5556.6061574074074        5.1700000762939453        35.757610321044922        117.64009857177734                1
      220472   5560.3656597222225        4.1900000572204590        34.992351531982422        116.94229888916016                1
      221241   5575.5458564814817        4.1799998283386230        35.784450531005859        117.66259765625000                1
      222965   5616.4313425925930        4.0900001525878906        31.913000106811523        116.52279663085938                1
      223499   5631.2104861111111        4.4099998474121094        31.602170944213867        115.57700347900391                1
      223503   5631.3180439814814        4.1100001335144043        34.355411529541016        118.62629699707031                1
      224673   5661.0365972222226        4.1999998092651367        36.769500732421875        121.47830200195312                1
      225193   5674.8263425925925        4.0900001525878906        34.354648590087891        118.70269775390625                1
      227378   5742.2688194444445        4.3499999046325684        31.585329055786133        115.70970153808594                1
      228584   5780.1287731481480        4.3000001907348633        34.593250274658203        116.28710174560547                1
      229106   5796.2672106481477        4.0500001907348633        32.446628570556641        115.37789916992188                1
      230936   5845.3337268518517        4.1700000762939453        31.863000869750977        115.72969818115234                1
      231026   5848.0121759259255        4.1599998474121094        34.599571228027344        116.28050231933594                1
      231155   5851.9232523148148        4.0700001716613770        34.474990844726562        119.36479949951172                1
      232029   5886.0713310185183        4.4600000381469727        33.960620880126953        116.31459808349609                1
      232069   5886.8454050925930        5.3000001907348633        36.076698303222656        117.65180206298828                1
      235005   5930.5616666666665        4.1399998664855957        31.288669586181641        115.84149932861328                1
      237457   6001.6422106481477        5.2600002288818359        35.014030456542969        116.78700256347656                1
      238695   6040.4426967592590        5.0700001716613770        34.370628356933594        118.67199707031250                1
      239210   6051.8006134259258        4.4899997711181641        35.450538635253906        118.43000030517578                1
      240602   6095.4734837962960        4.7500000000000000        31.331670761108398        115.47969818115234                1
      240619   6096.1914351851856        4.7600002288818359        32.641830444335938        118.15149688720703                1
      240908   6104.9065277777781        4.1799998283386230        34.165969848632812        117.33149719238281                1
      241066   6110.7427893518516        4.2500000000000000        35.787849426269531        117.63580322265625                1
      241809   6133.1353587962967        4.8899998664855957        33.407001495361328        116.35350036621094                1
      243471   6181.5672916666663        4.0500001907348633        36.861499786376953        116.23699951171875                1
      243740   6188.9425231481482        4.1100001335144043        34.146331787109375        116.85060119628906                1
      243971   6197.6648379629632        4.4200000762939453        34.300998687744141        116.45639801025391                1
      244832   6229.4169675925923        4.0000000000000000        37.429161071777344        118.63619995117188                1
      245055   6236.9584143518523        4.2100000381469727        37.241500854492188        117.84420013427734                1
      245238   6246.2502314814819        4.6799998283386230        37.213500976562500        117.84529876708984                1
      245676   6267.7115509259256        4.0799999237060547        34.102199554443359        116.99739837646484                1
      245779   6271.0487499999999        4.0100002288818359        32.384799957275391        115.24019622802734                1
      246388   6293.5157870370367        4.0700001716613770        33.179298400878906        115.61049652099609                1
      246594   6298.7597916666664        4.2899999618530273        33.946220397949219        117.72219848632812                1
      247692   6342.6038541666667        4.8600001335144043        31.860000610351562        115.76069641113281                1
      247904   6348.4803935185182        4.8400001525878906        31.263830184936523        115.45580291748047                1
      248145   6361.2414236111108        5.2300000190734863        36.076999664306641        117.63980102539062                1
      249003   6366.5130902777773        4.4499998092651367        34.035579681396484        117.22280120849609                1
      252625   6481.1526388888888        4.7500000000000000        36.922500610351562        117.53649902343750                1
      252953   6488.2731944444440        4.8400001525878906        31.648500442504883        118.64769744873047                1
      253004   6489.8952893518517        4.0700001716613770        33.234661102294922        116.09539794921875                1
      253954   6526.5657291666666        4.7800002098083496        34.123191833496094        116.92199707031250                1
      254116   6530.9930324074076        4.4000000953674316        34.373371124267578        117.65769958496094                1
      254764   6552.6101967592595        4.0000000000000000        37.411499023437500        118.69799804687500                1
      255291   6573.7626736111115        4.6300001144409180        34.114578247070312        116.91560363769531                1
      255755   6592.1173263888886        4.1700000762939453        32.096000671386719        115.42369842529297                1
      255949   6599.0476851851854        4.8200001716613770        34.322078704833984        116.84349822998047                1
      258075   6678.5561921296294        4.3800001144409180        32.716770172119141        115.91190338134766                1
      259005   6715.1309259259260        4.2399997711181641        32.602058410644531        116.15019989013672                1
      259172   6722.6430208333331        4.0500001907348633        35.941799163818359        120.49019622802734                1
      259470   6740.5634259259259        4.2699999809265137        32.592338562011719        116.15740203857422                1
      259985   6765.2685185185182        4.0700001716613770        32.596611022949219        116.15550231933594                1
      260280   6776.6618055555555        4.1500000953674316        32.591400146484375        116.15740203857422                1
      260835   6803.3291898148145        4.9299998283386230        34.055160522460938        116.37819671630859                1
      261662   6821.6375231481479        4.9200000762939453        32.362800598144531        115.21050262451172                1
      262658   6862.7644212962960        4.3499999046325684        35.737560272216797        118.47450256347656                1
      262966   6870.9232291666667        4.1500000953674316        33.637130737304688        116.70670318603516                1
      263338   6883.6745601851853        5.0500001907348633        37.417171478271484        117.03350067138672                1
      264039   6906.5445370370371        4.7100000381469727        32.039669036865234        114.55829620361328                1
      264546   6923.5694675925924        4.8000001907348633        32.294799804687500        115.21869659423828                1
      264867   6933.0115624999999        4.2300000190734863        31.000000000000000        120.00000000000000                1
      264881   6933.2936226851853        4.1199998855590820        34.326148986816406        116.84310150146484                1
      265082   6939.6775115740738        4.5300002098083496        37.385669708251953        117.09069824218750                1
      265700   6960.4074421296300        7.0999999046325684        34.594699859619141        116.27179718017578                1
      265701   6960.4081365740740        4.6999998092651367        33.247501373291016        115.68229675292969                1
      266888   6962.7930787037039        4.3699998855590820        32.344810485839844        115.15709686279297                1
      267582   6964.4271180555552        4.1700000762939453        37.364669799804688        117.12699890136719                1
      267788   6965.0792361111107        4.9899997711181641        34.866260528564453        116.40280151367188                1
      268230   6966.6727662037038        4.9899997711181641        34.864799499511719        116.40299987792969                1
      269035   6969.7680555555553        4.6300001144409180        34.616001129150391        116.24669647216797                1
      269784   6973.5254282407404        4.3099999427795410        34.516078948974609        116.27680206298828                1
      270596   6978.1443981481480        4.0399999618530273        34.850559234619141        116.35990142822266                1
      271307   6982.2832060185183        4.0300002098083496        34.798160552978516        116.29740142822266                1
      271429   6983.0785995370370        4.3299999237060547        37.412498474121094        118.58769989013672                1
      272395   6989.5973148148150        4.4200000762939453        34.835578918457031        116.40689849853516                1
      276133   7029.6047800925926        4.0300002098083496        34.590911865234375        116.26439666748047                1
      279777   7082.4150578703702        4.3600001335144043        34.803859710693359        116.37090301513672                1
      280176   7089.5761805555558        4.3699998855590820        34.056850433349609        117.24449920654297                1
      280533   7096.9643634259255        4.2100000381469727        36.093990325927734        117.59329986572266                1
      282056   7127.6362847222226        4.2399997711181641        36.006500244140625        117.87380218505859                1
      282663   7139.4501041666663        4.2800002098083496        32.706001281738281        115.38400268554688                1
      283414   7155.5878009259259        4.5000000000000000        32.120201110839844        115.10169982910156                1
      283680   7163.2817708333332        4.7300000190734863        32.121170043945312        115.09020233154297                1
      284962   7188.1496990740743        4.0500001907348633        35.779788970947266        117.64910125732422                1
      285914   7206.9092361111107        4.5100002288818359        32.893749237060547        115.50579833984375                1
      286517   7218.6549421296295        4.5100002288818359        34.792919158935547        116.29699707031250                1
      290431   7313.1873379629633        4.0599999427795410        31.568170547485352        116.18280029296875                1
      292891   7380.3528587962965        4.0700001716613770        34.268299102783203        116.77050018310547                1
      292957   7382.6143171296299        4.0599999427795410        32.229499816894531        114.92669677734375                1
      293661   7402.0446874999998        4.4200000762939453        34.889801025390625        119.03230285644531                1
      293783   7405.0189120370369        4.0000000000000000        32.696498870849609        118.12200164794922                1
      294384   7423.1015393518519        4.2600002288818359        34.275928497314453        118.41570281982422                1
      294497   7426.0601041666669        4.3800001144409180        31.876329421997070        114.66300201416016                1
      295283   7450.8785300925929        4.6599998474121094        34.295841217041016        116.93460083007812                1
      298502   7550.9123263888887        4.2500000000000000        35.798721313476562        118.04049682617188                1
      300723   7612.5051620370368        5.1700000762939453        36.012020111083984        117.87220001220703                1
      303117   7623.0482523148148        4.0100002288818359        36.049350738525391        117.87069702148438                1
      304624   7642.7531597222223        4.3600001335144043        32.757831573486328        118.31420135498047                1
      305594   7666.9995023148149        4.2399997711181641        34.059749603271484        118.39270019531250                1
      307316   7719.3307407407410        5.0199999809265137        33.519939422607422        116.49939727783203                1
      308090   7732.8633564814818        4.1100001335144043        33.304828643798828        115.68129730224609                1
      308762   7758.9834143518519        5.6999998092651367        32.039329528808594        115.00379943847656                1
      309406   7783.5079629629627        4.2100000381469727        33.389320373535156        116.42780303955078                1
      310000   7800.9892245370374        4.1900000572204590        31.109170913696289        115.35620117187500                1
      310228   7810.2454629629628        4.1799998283386230        34.356369018554688        118.66750335693359                1
      310877   7834.8143634259259        5.6999998092651367        32.337501525878906        115.31050109863281                1
      312025   7859.8981828703700        4.5999999046325684        33.653198242187500        119.36599731445312                1
      312403   7879.3353587962965        4.3899998664855957        34.513790130615234        116.29160308837891                1
      313178   7919.2087152777776        5.0000000000000000        36.728328704833984        121.40519714355469                1
      313784   7950.5282870370374        4.5799999237060547        36.734001159667969        116.27749633789062                1
      315523   8032.2978125000000        4.7500000000000000        33.918350219726562        117.78489685058594                1
      315573   8033.5168402777781        4.1500000953674316        30.094999313354492        116.82170104980469                1
      315963   8050.8932407407410        4.3099999427795410        33.238590240478516        116.11080169677734                1
      316116   8057.4408101851850        4.1300001144409180        35.947959899902344        117.28739929199219                1
      317168   8103.7002893518520        4.2199997901916504        35.977169036865234        120.56430053710938                1
      317460   8117.5735185185185        4.0799999237060547        32.120330810546875        115.10050201416016                1
      317784   8132.8777777777777        4.8400001525878906        32.230998992919922        115.76699829101562                1
      318995   8178.3862152777774        4.5399999618530273        35.315208435058594        118.66200256347656                1
      319464   8191.4403356481480        4.9899997711181641        31.673170089721680        115.54699707031250                1
      319829   8206.5133101851843        4.9899997711181641        34.309749603271484        116.84909820556641                1
      320811   8226.8113078703700        4.6399998664855957        34.358669281005859        116.12940216064453                1
      322594   8301.0864351851851        4.1700000762939453        32.943660736083984        115.55760192871094                1
      323420   8334.2638888888887        4.0599999427795410        32.044330596923828        117.41770172119141                1
      323845   8354.2609953703704        4.1500000953674316        34.617279052734375        116.66699981689453                1
      325620   8440.4766435185193        4.2899999618530273        32.277099609375000        115.41369628906250                1
      327049   8514.6912384259267        4.0000000000000000        37.187168121337891        117.87770080566406                1
      327089   8516.8027314814808        6.4800000190734863        35.709838867187500        121.08869934082031                1
      327452   8527.4478240740737        4.4099998474121094        35.704170227050781        121.13430023193359                1
      328305   8570.5299884259257        4.3400001525878906        35.009601593017578        119.15840148925781                1
      329043   8603.2767361111109        4.3200001716613770        36.625671386718750        121.55629730224609                1
      329090   8604.9952199074069        4.4699997901916504        35.724170684814453        121.08319854736328                1
      330352   8658.3731018518520        4.4000000953674316        34.412319183349609        120.02169799804688                1
      331190   8695.9366898148146        4.9800000190734863        32.415000915527344        117.86000061035156                1
      331825   8725.0374074074080        4.0199999809265137        33.712329864501953        116.05249786376953                1
      332101   8735.5384143518513        4.2699999809265137        34.396949768066406        119.42710113525391                1
      332722   8764.0591666666660        4.1599998474121094        32.341148376464844        115.21119689941406                1
      332851   8772.1881365740737        4.6100001335144043        36.495830535888672        121.26879882812500                1
      333399   8801.7190277777772        6.0000000000000000        35.848789215087891        120.35150146484375                1
      333442   8802.9547916666670        5.0300002098083496        35.387649536132812        118.63030242919922                1
      334485   8848.7356018518512        4.1900000572204590        34.382148742675781        116.82089996337891                1
      334679   8859.0875347222227        4.3400001525878906        36.589328765869141        121.23719787597656                1
      334759   8864.0793287037031        4.5900001525878906        35.951999664306641        120.50229644775391                1
      335373   8903.6079513888890        4.4200000762939453        34.126781463623047        117.44840240478516                1
      335503   8909.3408101851855        4.2600002288818359        33.955558776855469        116.39109802246094                1
      335890   8930.5539236111108        4.0500001907348633        31.963499069213867        116.20549774169922                1
      336162   8943.9329513888897        4.2100000381469727        31.649999618530273        115.93579864501953                1
      336554   8972.9230671296300        4.1500000953674316        37.452430725097656        118.83950042724609                1
      337141   9006.8043171296304        4.5900001525878906        34.995059967041016        119.19329833984375                1
      337215   9009.7624884259258        4.3000001907348633        31.527999877929688        115.53179931640625                1
      337516   9027.1035763888885        4.0599999427795410        34.999801635742188        119.19879913330078                1
      337894   9037.3087615740733        4.6500000953674316        35.920501708984375        120.48069763183594                1
      338019   9042.0274537037039        4.0599999427795410        33.237030029296875        116.20610046386719                1
      338456   9064.6540046296304        5.1999998092651367        33.529289245605469        116.54350280761719                1
      338889   9068.8704282407416        4.8800001144409180        34.071178436279297        117.00820159912109                1
      339829   9107.5414583333331        4.1100001335144043        33.647201538085938        119.75579833984375                1
      340120   9120.2364930555559        4.2699999809265137        36.156188964843750        118.05670166015625                1
      341215   9147.0606365740732        5.1100001335144043        33.154098510742188        115.62999725341797                1
      342151   9167.8505555555548        4.6900000572204590        35.017421722412109        119.02929687500000                1
      342480   9178.5751041666663        4.4200000762939453        35.659671783447266        121.07479858398438                1
      342608   9184.5123379629622        4.1300001144409180        35.661670684814453        121.06929779052734                1
      342750   9192.8830439814810        4.8699998855590820        32.436500549316406        118.17880249023438                1
      342772   9194.3132291666661        4.3699998855590820        34.017330169677734        116.77050018310547                1
      343654   9241.3260879629634        4.1700000762939453        34.328048706054688        116.82959747314453                1
      343741   9246.4878935185188        4.3099999427795410        36.071170806884766        119.95619964599609                1
      345696   9360.0669212962966        4.1100001335144043        35.619541168212891        117.57710266113281                1
      345757   9363.5180439814812        4.2199997901916504        36.518329620361328        121.10800170898438                1
      345837   9369.0464699074073        4.0100002288818359        35.728500366210938        121.06829833984375                1
      346594   9417.1808564814819        5.3699998855590820        32.320899963378906        115.22599792480469                1
      346695   9421.4967824074065        4.4899997711181641        32.377990722656250        115.23149871826172                1
      347072   9437.6460763888881        4.4899997711181641        31.822200775146484        116.32119750976562                1
      347119   9439.5172453703708        4.5399999618530273        37.108669281005859        121.47979736328125                1
      347224   9444.1780439814811        4.0799999237060547        37.331329345703125        114.53220367431641                1
      347364   9454.0195138888885        4.3699998855590820        33.237979888916016        116.02600097656250                1
      347750   9467.9311226851860        4.0199999809265137        36.074371337890625        117.89520263671875                1
      348963   9531.0076967592595        4.0500001907348633        32.708328247070312        116.03849792480469                1
      349506   9557.8519675925927        4.0100002288818359        33.262088775634766        116.06379699707031                1
      349913   9582.6643750000003        4.6199998855590820        32.709629058837891        116.04450225830078                1
      350392   9605.9248726851856        4.1199998855590820        37.449760437011719        118.83999633789062                1
      350494   9608.8825810185190        4.1100001335144043        32.826011657714844        115.96160125732422                1
      350701   9618.9487037037034        4.3299999237060547        31.735500335693359        116.25350189208984                1
      350972   9634.1553009259260        4.1100001335144043        33.709381103515625        116.04679870605469                1
      351949   9681.1484143518519        4.2899999618530273        33.218151092529297        116.14099884033203                1
      352816   9733.3816550925931        4.1100001335144043        36.029300689697266        117.76999664306641                1
      353086   9749.9565509259264        4.4099998474121094        32.700141906738281        116.04029846191406                1
      353624   9770.0011805555550        4.1799998283386230        32.074329376220703        115.81870269775391                1
      353971   9787.4820833333342        4.0900001525878906        35.848320007324219        120.43129730224609                1
      354180   9797.0893171296302        4.0599999427795410        32.681060791015625        116.08869934082031                1
      354205   9798.2162615740745        4.2600002288818359        33.876560211181641        116.20010375976562                1
      354800   9829.8325578703698        4.3600001335144043        36.867168426513672        121.61299896240234                1
      355504   9867.3325000000004        4.6599998474121094        34.299930572509766        118.62580108642578                1
      356074   9891.7286342592597        4.7300000190734863        33.737571716308594        117.48960113525391                1
      356147   9893.6166550925918        4.0599999427795410        32.776729583740234        117.35389709472656                1
      356363   9902.0359027777777        4.0199999809265137        36.258338928222656        120.29250335693359                1
      357014   9936.3706365740745        4.1999998092651367        34.375530242919922        117.65280151367188                1
      357162   9944.5158333333329        4.3400001525878906        35.836688995361328        117.67769622802734                1
      357756   9979.9510416666672        4.1700000762939453        31.738500595092773        115.54519653320312                1
      358143   10001.509826388889        4.0599999427795410        34.162120819091797        116.99009704589844                1
      358182   10002.691226851852        4.4099998474121094        31.727329254150391        116.22280120849609                1
      359072   10053.300046296295        5.0999999046325684        32.360298156738281        115.27680206298828                1
      359355   10055.770509259259        5.0999999046325684        32.417221069335938        115.28910064697266                1
      359925   10063.945474537037        5.0100002288818359        32.482879638671875        115.29940032958984                1
      360913   10104.917847222223        4.1799998283386230        32.347190856933594        115.20980072021484                1
      361391   10127.594699074074        4.0599999427795410        31.996170043945312        115.52729797363281                1
      361429   10129.080185185185        4.1399998664855957        34.863151550292969        116.34439849853516                1
      361603   10138.163599537036        4.1900000572204590        33.445999145507812        116.43669891357422                1
      361607   10138.341458333334        4.4299998283386230        35.472930908203125        118.42859649658203                1
      361835   10146.943136574075        4.0599999427795410        33.448440551757812        116.44029998779297                1
      362895   10186.285011574075        4.3499999046325684        31.875499725341797        116.34169769287109                1
      363748   10228.779340277777        5.3899998664855957        33.951980590820312        117.77300262451172                1
      364555   10266.912881944445        4.6300001144409180        32.415901184082031        115.24610137939453                1
      365120   10294.404027777779        4.1399998664855957        34.091541290283203        116.97180175781250                1
      366162   10340.524791666667        4.1100001335144043        33.509590148925781        116.84799957275391                1
      366247   10343.807650462963        4.9800000190734863        32.368000030517578        115.36769866943359                1
      366496   10353.543819444445        4.0399999618530273        35.975990295410156        117.30740356445312                1
      366624   10356.703564814814        4.0300002098083496        35.972698211669922        117.31439971923828                1
      366782   10360.179652777777        5.0599999427795410        34.813369750976562        116.41899871826172                1
      367102   10367.719976851851        4.0100002288818359        35.972671508789062        117.31009674072266                1
      367110   10367.811342592593        4.0300002098083496        31.288000106811523        116.94570159912109                1
      367128   10368.362106481482        4.0300002098083496        32.546649932861328        115.51850128173828                1
      367449   10382.220219907407        4.5199999809265137        32.551750183105469        115.51709747314453                1
      367711   10394.159548611111        4.4499998092651367        34.108428955078125        117.30560302734375                1
      368217   10414.362488425926        4.1900000572204590        32.715831756591797        118.23930358886719                1
      368276   10416.881504629629        4.3899998664855957        35.413928985595703        117.77970123291016                1
      369397   10471.497025462962        4.7699999809265137        33.315700531005859        115.73130035400391                1
      369905   10477.736446759260        4.3000001907348633        37.211700439453125        121.59950256347656                1
      370207   10490.403796296296        4.3000001907348633        32.153671264648438        115.72280120849609                1
      370721   10511.049456018518        4.4200000762939453        34.071170806884766        118.89330291748047                1
      370876   10517.852222222222        4.1700000762939453        34.427440643310547        119.17810058593750                1
      371069   10527.152488425925        4.6999998092651367        33.933338165283203        118.34690093994141                1
      371212   10532.957314814816        4.7300000190734863        36.401950836181641        117.84100341796875                1
      371925   10560.042013888889        4.1100001335144043        32.930000305175781        118.03530120849609                1
      371943   10560.522766203703        4.4000000953674316        35.659301757812500        120.96640014648438                1
      372163   10569.902766203704        4.1999998092651367        31.968500137329102        115.49199676513672                1
      373897   10652.955057870371        5.0799999237060547        32.342300415039062        115.25869750976562                1
      374438   10667.052766203704        5.1900000572204590        36.401988983154297        117.85130310058594                1
      374951   10673.184074074074        4.2899999618530273        36.391639709472656        117.86750030517578                1
      375111   10677.360324074074        4.3200001716613770        32.223331451416016        115.35720062255859                1
      375198   10680.435601851852        4.5999999046325684        30.173000335693359        114.00399780273438                1
      375692   10697.810775462964        4.1300001144409180        32.680431365966797        115.64710235595703                1
      376294   10710.948229166666        4.3499999046325684        33.181999206542969        119.28450012207031                1
      376315   10711.889930555555        4.5999999046325684        35.544090270996094        117.27349853515625                1
      377473   10756.783981481482        5.8000001907348633        32.472198486328125        115.17759704589844                1
      377818   10767.274918981482        4.0799999237060547        32.444599151611328        115.14689636230469                1
      377862   10769.108425925926        4.2699999809265137        33.972290039062500        116.87229919433594                1
      377984   10772.349618055556        4.4099998474121094        36.031139373779297        117.83779907226562                1
      378107   10773.502372685185        4.2800002098083496        33.940101623535156        117.01969909667969                1
      378491   10789.597083333334        4.4000000953674316        32.052829742431641        117.46330261230469                1
      378797   10801.902152777779        4.0999999046325684        34.011920928955078        117.18450164794922                1
      378849   10802.899849537038        4.4499998092651367        32.229698181152344        116.58740234375000                1
      378857   10803.004965277778        4.0500001907348633        36.078639984130859        117.86299896240234                1
      379530   10828.179409722223        4.0199999809265137        32.998149871826172        116.33809661865234                1
      379703   10832.689247685184        4.2300000190734863        32.999778747558594        116.34230041503906                1
      379787   10835.461099537037        4.4400000572204590        33.981079101562500        118.09680175781250                1
      380163   10850.389189814814        4.1599998474121094        32.343730926513672        115.21340179443359                1
      380272   10854.944930555555        7.1999998092651367        32.273498535156250        115.29399871826172                1
      383927   10857.944791666667        4.0500001907348633        35.933311462402344        120.50039672851562                1
      384768   10858.697511574073        5.3000001907348633        32.219799041748047        115.27600097656250                1
      388820   10865.431099537038        4.7300000190734863        32.162830352783203        115.05400085449219                1
      390350   10869.184814814815        4.2100000381469727        32.690681457519531        115.83930206298828                1
      391354   10872.716805555556        4.6300001144409180        32.664829254150391        115.79309844970703                1
      392513   10877.455266203704        4.8299999237060547        32.690650939941406        115.83129882812500                1
      392915   10879.104606481482        4.0999999046325684        31.649330139160156        114.83699798583984                1
      393804   10885.476747685185        4.6799998283386230        32.276248931884766        115.26860046386719                1
      394573   10889.773032407407        4.8000001907348633        32.686698913574219        115.78970336914062                1
      394593   10889.807708333334        4.2699999809265137        34.991268157958984        119.26860046386719                1
      395547   10896.360347222222        4.2899999618530273        32.209461212158203        115.25869750976562                1
      396061   10900.027071759259        4.5300002098083496        32.650859832763672        115.81670379638672                1
      396584   10903.729837962963        4.9000000953674316        32.602149963378906        115.75520324707031                1
      397109   10907.164918981482        4.2199997901916504        32.197330474853516        117.61699676513672                1
      397331   10908.853090277778        4.3400001525878906        32.234031677246094        115.28780364990234                1
      398075   10915.756979166666        4.0900001525878906        32.704898834228516        115.90599822998047                1
      398940   10924.645416666666        4.3000001907348633        37.458671569824219        117.50520324707031                1
      399169   10927.185393518519        5.7199997901916504        32.703811645507812        115.91660308837891                1
      400290   10929.290127314815        4.7699999809265137        31.110170364379883        115.60199737548828                1
      400306   10929.378912037037        4.1300001144409180        32.082668304443359        115.02619934082031                1
      401252   10937.276296296297        4.1700000762939453        32.636569976806641        115.78710174560547                1
      401316   10937.974467592592        4.4200000762939453        31.267499923706055        115.65869903564453                1
      401984   10948.396261574075        4.3600001335144043        31.809499740600586        115.03179931640625                1
      402170   10950.995520833334        5.4299998283386230        33.424671173095703        116.47299957275391                1
      404369   10980.735775462963        4.0500001907348633        33.984210968017578        116.43849945068359                1
      405207   10998.905324074074        4.2199997901916504        32.415901184082031        115.41940307617188                1
      405441   11003.662303240741        4.2800002098083496        32.229801177978516        115.29250335693359                1
      406051   11019.452986111111        5.0000000000000000        32.048500061035156        115.19819641113281                1
      406306   11025.020868055555        4.7500000000000000        32.097831726074219        115.11199951171875                1
      406414   11027.304421296296        4.6700000762939453        31.201829910278320        115.55500030517578                1
      406542   11030.700983796296        4.7699999809265137        31.275669097900391        115.62169647216797                1
      406701   11035.359444444444        4.3699998855590820        37.149669647216797        117.39199829101562                1
      406907   11041.890810185185        4.0300002098083496        37.143169403076172        117.39230346679688                1
      406983   11044.489803240740        4.5700001716613770        31.298170089721680        115.58799743652344                1
      407112   11048.125393518518        4.2699999809265137        32.222000122070312        115.29699707031250                1
      407459   11056.959641203704        4.6999998092651367        31.389999389648438        116.05950164794922                1
      407873   11069.577488425926        4.1399998664855957        31.248329162597656        115.60379791259766                1
      407956   11071.819432870370        4.5700001716613770        32.865398406982422        115.99189758300781                1
      408073   11074.276215277778        4.0500001907348633        31.099500656127930        115.70200347900391                1
      409166   11109.536412037038        4.7100000381469727        32.214500427246094        115.27670288085938                1
      409393   11113.803321759260        4.3699998855590820        33.016010284423828        115.53730010986328                1
      409677   11121.526087962962        4.3099999427795410        32.474269866943359        115.54389953613281                1
      410116   11136.887060185185        4.0500001907348633        31.258829116821289        115.54250335693359                1
      410122   11137.007129629630        4.0999999046325684        37.254299163818359        121.66429901123047                1
      410257   11141.368784722223        4.5000000000000000        36.776500701904297        121.50779724121094                1
      410517   11152.229166666666        4.8299999237060547        31.261999130249023        115.55729675292969                1
      410525   11152.282916666667        4.1500000953674316        32.252521514892578        115.31159973144531                1
      411128   11173.975798611111        4.0799999237060547        32.224670410156250        115.27290344238281                1
      411242   11178.741377314815        5.0700001716613770        32.062000274658203        115.07630157470703                1
      412240   11222.849247685184        4.3499999046325684        32.360088348388672        115.20459747314453                1
      412410   11229.570104166667        4.6700000762939453        31.238330841064453        115.66049957275391                1
      412484   11231.374178240741        4.1300001144409180        32.646228790283203        115.71499633789062                1
      412579   11233.541805555555        4.0700001716613770        31.246669769287109        115.46669769287109                1
      413221   11256.904039351852        4.4499998092651367        36.400901794433594        117.87390136718750                1
      414182   11293.640416666667        4.4200000762939453        32.654361724853516        115.73680114746094                1
      414359   11299.520185185185        4.3200001716613770        30.975170135498047        115.55770111083984                1
      414925   11326.082557870370        4.1100001335144043        32.805179595947266        116.13690185546875                1
      415062   11330.443032407407        4.0500001907348633        32.137001037597656        115.12500000000000                1
      415160   11333.861493055556        4.3099999427795410        31.851829528808594        114.76969909667969                1
      415709   11355.979606481482        4.1100001335144043        32.073348999023438        116.37139892578125                1
      416090   11373.304398148148        4.4600000381469727        36.586830139160156        121.21019744873047                1
      416217   11378.866053240741        4.2399997711181641        34.333080291748047        118.48529815673828                1
      416458   11390.845937500000        4.0300002098083496        32.122501373291016        115.17579650878906                1
      416467   11391.614467592593        4.1399998664855957        33.962120056152344        117.06749725341797                1
      417081   11421.664733796297        4.2600002288818359        31.809499740600586        116.02549743652344                1
      417152   11425.837465277778        4.0100002288818359        34.698188781738281        116.29239654541016                1
      417446   11440.651643518519        4.0999999046325684        35.682598114013672        117.61859893798828                1
      418508   11500.648958333333        4.3099999427795410        32.216499328613281        115.26529693603516                1
      418588   11504.596481481482        4.1399998664855957        33.218330383300781        119.43569946289062                1
      418937   11519.563668981482        4.1900000572204590        32.339191436767578        115.24459838867188                1
      419005   11523.027685185185        4.5999999046325684        30.468999862670898        114.01200103759766                1
      419538   11546.423229166667        4.8699998855590820        32.170669555664062        115.19529724121094                1
      419907   11561.060740740741        4.2300000190734863        32.208198547363281        115.29070281982422                1
      421321   11622.892453703704        4.1500000953674316        32.220859527587891        115.26660156250000                1
      421882   11647.629444444445        4.0300002098083496        32.687801361083984        115.71610260009766                1
      422348   11666.948402777778        4.0199999809265137        32.099880218505859        115.72299957275391                1
      422788   11688.275057870371        4.6500000953674316        32.187469482421875        115.29309844970703                1
      423630   11724.316539351852        4.4499998092651367        35.949199676513672        120.48750305175781                1
      423665   11726.266354166666        4.4600000381469727        33.911048889160156        117.78970336914062                1
      424308   11744.873576388889        5.4400000572204590        33.018749237060547        115.52619934082031                1
      425054   11747.854849537038        4.1300001144409180        33.906299591064453        117.79180145263672                1
      425379   11756.558194444444        4.0999999046325684        36.130619049072266        120.02980041503906                1
      425852   11773.955023148148        4.0399999618530273        31.829830169677734        114.99970245361328                1
      426012   11782.352939814815        4.1300001144409180        32.809688568115234        116.13880157470703                1
      426187   11788.027175925927        4.1599998474121094        33.023109436035156        116.30090332031250                1
      426465   11799.119398148148        4.0100002288818359        32.176300048828125        115.20729827880859                1
      426501   11801.288298611111        5.3000001907348633        36.326671600341797        120.86430358886719                1
      426714   11809.184212962962        4.0199999809265137        36.603828430175781        121.22630310058594                1
      427930   11856.441689814816        6.3000001907348633        31.329830169677734        119.60150146484375                1
      428119   11864.901203703705        4.0199999809265137        33.005939483642578        116.22969818115234                1
      429270   11929.953506944445        4.1399998664855957        31.201829910278320        115.93879699707031                1
      429338   11936.913506944444        4.1399998664855957        35.825901031494141        116.81020355224609                1
      429535   11946.705613425926        4.6999998092651367        33.505760192871094        116.45860290527344                1
      430742   11983.123587962962        4.0799999237060547        32.264831542968750        115.28679656982422                1
      431368   12012.833391203703        4.0799999237060547        33.660728454589844        118.38559722900391                1
      431696   12026.609745370370        4.8000001907348633        34.416278839111328        119.91310119628906                1
      432429   12056.161608796296        4.0599999427795410        36.563499450683594        121.34950256347656                1
      432890   12083.698634259259        4.2899999618530273        35.488048553466797        118.28649902343750                1
      433577   12114.053136574074        4.0599999427795410        34.598560333251953        120.85690307617188                1
      433623   12115.785046296296        4.1999998092651367        35.485919952392578        118.28459930419922                1
      434054   12135.434444444445        4.0799999237060547        32.401580810546875        115.22779846191406                1
      434570   12158.087743055556        4.2800002098083496        34.708969116210938        116.30879974365234                1
      435416   12195.655868055555        4.1399998664855957        30.184829711914062        114.03520202636719                1
      435918   12227.326354166667        4.1300001144409180        35.826778411865234        119.82379913330078                1
      436029   12234.227164351852        4.5999999046325684        31.294000625610352        115.88829803466797                1
      436089   12237.569039351853        4.3000001907348633        36.142189025878906        118.05829620361328                1
      436194   12240.012719907407        4.0900001525878906        32.434680938720703        116.23970031738281                1
      436616   12260.399513888889        4.4299998283386230        34.147430419921875        117.44550323486328                1
      436875   12273.680671296297        4.0999999046325684        37.339168548583984        114.10569763183594                1
      437039   12282.821064814814        4.1999998092651367        35.414558410644531        121.37159729003906                1
      437394   12303.786435185186        4.0999999046325684        35.838500976562500        121.66950225830078                1
      437512   12312.100266203704        5.0000000000000000        31.382999420166016        119.35510253906250                1
      437513   12312.100266203704        5.0000000000000000        31.200330734252930        119.60399627685547                1
      437675   12320.091006944445        4.3899998664855957        36.119110107421875        118.05110168457031                1
      437775   12324.559444444445        4.3899998664855957        34.138168334960938        118.48699951171875                1
      437865   12329.040439814815        5.1999998092651367        30.631099700927734        113.84320068359375                1
      438059   12336.173391203703        5.0999999046325684        33.904609680175781        117.95330047607422                1
      438060   12336.173402777778        5.0999999046325684        33.932498931884766        117.91719818115234                1
      438727   12357.510567129630        4.2399997711181641        35.466438293457031        118.52140045166016                1
      439130   12379.087094907407        4.0100002288818359        31.218999862670898        115.95829772949219                1
      439497   12402.108831018519        4.1599998474121094        34.112091064453125        118.50189971923828                1
      440307   12436.708020833334        4.5799999237060547        34.276691436767578        117.02519989013672                1
      441754   12500.509675925927        4.0199999809265137        32.231830596923828        117.62969970703125                1
      441908   12508.769004629630        4.8000001907348633        30.547170639038086        114.23300170898438                1
      442120   12521.864722222223        4.4000000953674316        36.630661010742188        120.81449890136719                1
      442835   12565.362986111111        4.1100001335144043        32.852500915527344        118.65229797363281                1
      443033   12575.268622685186        4.3400001525878906        36.791000366210938        121.53029632568359                1
      443600   12610.244340277777        4.1900000572204590        33.182468414306641        115.58429718017578                1
      443788   12621.137604166666        4.2500000000000000        34.607631683349609        118.63559722900391                1
      444104   12637.556678240740        4.4899997711181641        36.445171356201172        120.98130035400391                1
      444491   12657.072939814814        4.8899998664855957        31.521999359130859        115.65830230712891                1
      444579   12662.103414351852        4.7699999809265137        37.170330047607422        117.26380157470703                1
      445474   12706.562662037037        4.0999999046325684        36.233169555664062        120.33820343017578                1
      445522   12709.390231481482        4.0399999618530273        34.793640136718750        116.26979827880859                1
      445746   12718.807812499999        4.2699999809265137        32.401161193847656        115.21920013427734                1
      446530   12762.135752314814        4.0999999046325684        33.155521392822266        115.63819885253906                1
      446596   12763.783101851852        5.3000001907348633        37.322830200195312        114.44499969482422                1
      448776   12881.674143518518        4.0000000000000000        34.138851165771484        116.85420227050781                1
      449674   12940.720335648148        4.2800002098083496        31.616500854492188        116.00569915771484                1
      450327   12982.801909722222        4.0000000000000000        37.449001312255859        118.51069641113281                1
      450376   12985.771724537037        4.2500000000000000        35.206680297851562        117.27839660644531                1
      450424   12988.075659722223        4.4000000953674316        34.195838928222656        117.41829681396484                1
      450589   12995.612893518519        4.3899998664855957        33.971500396728516        116.88259887695312                1
      450899   13013.647407407407        4.1100001335144043        34.698238372802734        116.24400329589844                1
      451240   13036.961412037037        5.3000001907348633        37.202201843261719        118.40019989013672                1
      451311   13040.259247685186        4.3099999427795410        34.603988647460938        116.63520050048828                1
      451392   13044.001655092592        4.8699998855590820        35.540950775146484        119.37709808349609                1
      451690   13063.362951388888        4.1300001144409180        34.525291442871094        119.08329772949219                1
      451994   13079.008969907407        5.5000000000000000        30.248399734497070        114.30280303955078                1
      452705   13124.377222222221        4.4000000953674316        30.938669204711914        115.49469757080078                1
      453222   13154.336550925926        5.1999998092651367        33.431499481201172        116.44270324707031                1
      454304   13194.901828703703        4.1999998092651367        36.682830810546875        121.32330322265625                1
      454516   13206.681307870371        4.0300002098083496        32.960559844970703        115.74680328369141                1
      455750   13264.141631944445        4.3299999237060547        33.291851043701172        115.71150207519531                1
      457342   13344.499062499999        4.0000000000000000        35.566139221191406        120.79530334472656                1
      459126   13440.833333333334        4.1100001335144043        31.253000259399414        115.67680358886719                1
      459389   13454.455474537037        4.0000000000000000        36.871669769287109        121.58550262451172                1
      460106   13502.196122685185        4.0599999427795410        34.429611206054688        120.00330352783203                1
      461147   13564.393796296295        4.0999999046325684        36.725330352783203        115.89630126953125                1
      461375   13576.029444444444        4.2899999618530273        31.307500839233398        115.40499877929688                1
      461835   13600.827754629630        4.0700001716613770        35.906970977783203        116.93019866943359                1
      462798   13650.037013888888        4.0999999046325684        37.313671112060547        121.66030120849609                1
      463092   13666.860324074074        4.3299999237060547        34.475559234619141        120.60469818115234                1
      463395   13684.813518518518        4.5999999046325684        36.618328094482422        121.26129913330078                1
      464582   13754.711273148148        4.5000000000000000        30.220830917358398        113.86070251464844                1
      464863   13770.420879629630        4.2399997711181641        30.774200439453125        115.22129821777344                1
      465620   13814.967326388889        4.7300000190734863        30.399000167846680        114.01170349121094                1
      465884   13831.811990740740        5.3099999427795410        33.851669311523438        119.73280334472656                1
      466474   13865.492743055556        4.4899997711181641        34.020999908447266        116.78520202636719                1
      467637   13924.637233796297        4.6199998855590820        35.893169403076172        115.75370025634766                1
      468030   13944.845787037037        4.1900000572204590        31.965150833129883        116.27780151367188                1
      468076   13947.106805555555        4.2899999618530273        31.388999938964844        114.41049957275391                1
      468109   13948.579247685186        4.0199999809265137        31.901670455932617        115.84030151367188                1
      468413   13965.058634259260        4.4299998283386230        33.490829467773438        116.78949737548828                1
      468769   13979.106574074074        4.4099998474121094        34.127788543701172        117.78220367431641                1
      469427   14010.095682870371        4.4099998474121094        32.412528991699219        115.21559906005859                1
      469765   14029.741111111111        4.0100002288818359        30.235670089721680        113.93219757080078                1
      470090   14045.540891203704        4.0999999046325684        36.662170410156250        121.33370208740234                1
      470387   14079.902962962962        4.1999998092651367        35.731319427490234        117.07569885253906                1
