       12766   0.0000000000000000                0   85.626949680137741               89           0
       12766   0.0000000000000000                0   81.450874005303390               88           0
       12766   0.0000000000000000                0   77.478467947418963               87           0
       12766   0.0000000000000000                0   73.699798421909719               86           0
       12766   0.0000000000000000                0   70.105416786459216               85           0
       12766   0.0000000000000000                0   66.686335214481105               84           0
       12766   0.0000000000000000                0   63.434004220870541               83           0
       12766   0.0000000000000000                0   60.340291283837523               82           0
       12766   0.0000000000000000                0   57.397460509365779               81           0
       12766   0.0000000000000000                0   54.598153287447673               80           0
       12765   7.8326936633508270E-005           1   51.935369891725749               79           1
       12765   7.8326936633508270E-005           0   49.402451976530301               78           1
       12765   7.8326936633508270E-005           0   46.993065927546517               77           1
       12765   7.8326936633508270E-005           0   44.701187024479204               76           1
       12765   7.8326936633508270E-005           0   42.521084376113464               75           1
       12764   1.5665387326701654E-004           0   34.813319329196005               71           2
       12764   1.5665387326701654E-004           0   33.115453685797767               70           2
       12764   1.5665387326701654E-004           0   31.500393928151833               69           2
       12764   1.5665387326701654E-004           0   29.964101565496659               68           2
       12764   1.5665387326701654E-004           0   28.502735066592141               67           2
       12764   1.5665387326701654E-004           0   27.112640253890270               66           2
       12764   1.5665387326701654E-004           0   25.790341166187634               65           2
       12764   1.5665387326701654E-004           0   24.532531366911574               64           2
       12764   1.5665387326701654E-004           0   23.336065676306287               63           2
       12764   1.5665387326701654E-004           0   22.197952306844932               62           2
       12763   2.3498080990052480E-004           1   21.115345382202243               61           3
       12763   2.3498080990052480E-004           0   20.085537821081157               60           3
       12763   2.3498080990052480E-004           0   19.105954568099310               59           3
       12763   2.3498080990052480E-004           0   18.174146154809101               58           3
       12762   3.1330774653403308E-004           0   12.807104269306873               51           4
       12762   3.1330774653403308E-004           0   12.182494414536748               50           4
       12762   3.1330774653403308E-004           0   11.588347142288962               49           4
       12762   3.1330774653403308E-004           0   11.023176774861117               48           4
       12762   3.1330774653403308E-004           0   10.485570091908418               47           4
       12762   3.1330774653403308E-004           0   9.9741827966565975               46           4
       12762   3.1330774653403308E-004           0   9.4877361544596628               45           4
       12762   3.1330774653403308E-004           0   9.0250137952971237               44           4
       12762   3.1330774653403308E-004           0   8.5848586722152689               43           4
       12762   3.1330774653403308E-004           0   8.1661701681070245               42           4
       12761   3.9163468316754133E-004           0   5.4739475303930947               34           5
       12761   3.9163468316754133E-004           0   5.2069799552034262               33           5
       12761   3.9163468316754133E-004           0   4.9530325424846113               32           5
       12761   3.9163468316754133E-004           0   4.7114702914106266               31           5
       12761   3.9163468316754133E-004           0   4.4816891705116229               30           5
       12761   3.9163468316754133E-004           0   4.2631146072805857               29           5
       12761   3.9163468316754133E-004           0   4.0552000514427391               28           5
       12761   3.9163468316754133E-004           0   3.8574256082951366               27           5
       12761   3.9163468316754133E-004           0   3.6692967386990603               26           5
       12761   3.9163468316754133E-004           0   3.4903430224745460               25           5
       12760   4.6996161980104959E-004           0   2.2255409550229830               16           6
       12760   4.6996161980104959E-004           0   2.1170000402719937               15           6
       12760   4.6996161980104959E-004           0   2.0137527284755543               14           6
       12760   4.6996161980104959E-004           0   1.9155408475673550               13           6
       12760   4.6996161980104959E-004           0   1.8221188166815205               12           6
       12760   4.6996161980104959E-004           0   1.7332530320725108               11           6
       12760   4.6996161980104959E-004           0   1.6487212829840590               10           6
       12760   4.6996161980104959E-004           0   1.5683121960065216                9           6
       12760   4.6996161980104959E-004           0   1.4918247065332384                8           6
       12760   4.6996161980104959E-004           0   1.4190675559942714                7           6
       12759   5.4828855643455779E-004           1   1.3498588136103422                6           7
       12759   5.4828855643455779E-004           0   1.2840254214711089                5           7
       12759   5.4828855643455779E-004           0   1.2214027618002337                4           7
       12759   5.4828855643455779E-004           0   1.1618342453251851                3           7
       12759   5.4828855643455779E-004           0   1.1051709197224806                2           7
       12759   5.4828855643455779E-004           0   1.0512710971592820                1           7
       12759   5.4828855643455779E-004           0   1.0000000000000000                0           7
       12757   7.0494242970157441E-004           2  0.95122942379199282               -1           9
       12757   7.0494242970157441E-004           0  0.90483741668764672               -2           9
       12757   7.0494242970157441E-004           0  0.86070797450122560               -3           9
       12755   8.6159630296859092E-004           2  0.81873075063797407               -4          11
       12754   9.3992323960209918E-004           1  0.77880078017014587               -5          12
       12753   1.0182501762356073E-003           1  0.74081821737000231               -6          13
       12753   1.0182501762356073E-003           0  0.70468808604347866               -7          13
       12753   1.0182501762356073E-003           0  0.67032004204022044               -8          13
       12753   1.0182501762356073E-003           0  0.63762814734614337               -9          13
       12753   1.0182501762356073E-003           0  0.60653065519362792              -10          13
       12753   1.0182501762356073E-003           0  0.57694980565201459              -11          13
       12753   1.0182501762356073E-003           0  0.54881163118726806              -12          13
       12753   1.0182501762356073E-003           0  0.52204577170460875              -13          13
       12753   1.0182501762356073E-003           0  0.49658529861162121              -14          13
       12752   1.0965771128691156E-003           1  0.47236654746190715              -15          14
       12751   1.1749040495026241E-003           1  0.44932895876080298              -16          15
       12751   1.1749040495026241E-003           0  0.42741492653509472              -17          15
       12751   1.1749040495026241E-003           0  0.40656965428807512              -18          15
       12751   1.1749040495026241E-003           0  0.38674101797975541              -19          15
       12749   1.3315579227696406E-003           2  0.36787943568961151              -20          17
       12748   1.4098848594031488E-003           1  0.34993774363595265              -21          18
       12747   1.4882117960366571E-003           1  0.33287107824189738              -22          19
       12746   1.5665387326701653E-003           1  0.31663676395305940              -23          20
       12746   1.5665387326701653E-003           0  0.30119420652642992              -24          20
       12745   1.6448656693036736E-003           1  0.28650479152362246              -25          21
       12745   1.6448656693036736E-003           0  0.27253178775466042              -26          21
       12745   1.6448656693036736E-003           0  0.25924025543086732              -27          21
       12743   1.8015195425706901E-003           2  0.24659695879719298              -28          23
       12743   1.8015195425706901E-003           0  0.23457028302551167              -29          23
       12743   1.8015195425706901E-003           0  0.22313015516108217              -30          23
       12741   1.9581734158377064E-003           2  0.21224796892449416              -31          25
       12740   2.0365003524712147E-003           1  0.20189651318106738              -32          26
       12739   2.1148272891047229E-003           1  0.19204990389883922              -33          27
       12739   2.1148272891047229E-003           0  0.18268351942500041              -34          27
       12736   2.3498080990052481E-003           3  0.17377393891893650              -35          30
       12734   2.5064619722722646E-003           2  0.16529888378792493              -36          32
       12733   2.5847889089057729E-003           1  0.15723716197904741              -37          33
       12731   2.7414427821727894E-003           2  0.14956861498801752              -38          35
       12731   2.7414427821727894E-003           0  0.14227406745241833              -39          35
       12728   2.9764235920733142E-003           3  0.13533527920330701              -40          38
       12725   3.2114044019738389E-003           3  0.12873489965529020              -41          41
       12723   3.3680582752408554E-003           2  0.12245642442102173              -42          43
       12720   3.6030390851413802E-003           3  0.11648415404163621              -43          46
       12720   3.6030390851413802E-003           0  0.11080315472992334              -44          46
       12720   3.6030390851413802E-003           0  0.10539922102808001              -45          46
       12717   3.8380198950419050E-003           3  0.10025884028666546              -46          49
       12712   4.2296545782094458E-003           5   9.5369158875938220E-002         -47          54
       12711   4.3079815148429545E-003           1   9.0717950045085732E-002         -48          55
       12709   4.4646353881099710E-003           2   8.6293583348977701E-002         -49          57
       12706   4.6996161980104962E-003           3   8.2084995565994356E-002         -50          60
       12705   4.7779431346440041E-003           1   7.8081663034209103E-002         -51          61
       12704   4.8562700712775127E-003           1   7.4273575336751274E-002         -52          62
       12704   4.8562700712775127E-003           0   7.0651210270549089E-002         -53          62
       12702   5.0129239445445293E-003           2   6.7205510035861338E-002         -54          64
       12700   5.1695778178115458E-003           2   6.3927858587059377E-002         -55          66
       12695   5.5612125009790866E-003           5   6.0810060088024490E-002         -56          71
       12694   5.6395394376125953E-003           1   5.7844318418288000E-002         -57          72
       12688   6.1095010574136448E-003           6   5.5023217678668655E-002         -58          78
       12685   6.3444818673141692E-003           3   5.2339703647661377E-002         -59          81
       12680   6.7361165504817109E-003           5   4.9787066142208597E-002         -60          86
       12675   7.1277512336492517E-003           5   4.7358922238746923E-002         -61          91
       12675   7.1277512336492517E-003           0   4.5049200312573034E-002         -62          91
       12673   7.1294177642159222E-003           2   4.2852124855618907E-002         -63          93
       12669   7.4457585963812953E-003           4   4.0762202034672908E-002         -64          97
       12663   7.8883928182902092E-003           6   3.8774205953934715E-002         -65         103
       12656   8.0774653403305405E-003           7   3.6883165587553376E-002         -66         110
       12653   8.3303000843166428E-003           3   3.5084352349473054E-002         -67         113
       12651   8.5162742012432607E-003           2   3.3373268269504507E-002         -68         115
       12646   8.9213053250368733E-003           5   3.1745634746056371E-002         -69         120
       12642   9.2710610451661613E-003           4   3.0197381847402269E-002         -70         124
       12634   9.5558862692880081E-003           8   2.8724638134731244E-002         -71         132
       12630   9.8805457457689268E-003           4   2.7323720981533905E-002         -72         136
       12627   1.0122250272637991E-002           3   2.5991127365117685E-002         -73         140
       12620   1.0616860229141892E-002           7   2.4723525107225190E-002         -74         147
       12619   1.0648820268825332E-002           1   2.3517744541852688E-002         -75         148
       12611   1.1656141105065567E-002           8   2.2370770589433816E-002         -76         158
       12605   1.2107363722384126E-002           6   2.1279735217569991E-002         -77         164
       12599   1.2591906443582469E-002           6   2.0241910269455279E-002         -78         170
       12590   1.3096091658009101E-002           9   1.9254700642063170E-002         -79         179
       12579   1.3724619896782505E-002          11   1.8315637797037064E-002         -80         190
       12573   1.4216338998981750E-002           6   1.7422373588058412E-002         -81         198
       12566   1.4640225950174853E-002           7   1.6572674389257639E-002         -82         205
       12555   1.5722775379284619E-002          11   1.5764415509985859E-002         -83         218
       12549   1.5935579328299809E-002           6   1.4995575881981405E-002         -84         224
       12540   1.6495652855016838E-002           9   1.4264233005646276E-002         -85         234
       12530   1.7200595284718415E-002          10   1.3568558142795634E-002         -86         244
       12523   1.7512323328328746E-002           7   1.2906811743859643E-002         -87         251
       12512   1.8097839595068239E-002          11   1.2277339098103336E-002         -88         262
       12505   1.8987135515319779E-002           7   1.1678566195987741E-002         -89         270
       12496   1.9598399464043771E-002           9   1.1108995793326065E-002         -90         280
       12485   2.1040080287927566E-002          11   1.0567203667393225E-002         -91         294
       12473   2.1469972809363427E-002          12   1.0051835055627092E-002         -92         307
       12462   2.2116245641741056E-002          11   9.5616012680163134E-003         -93         319
       12450   2.3066483584112740E-002          12   9.0952764647039448E-003         -94         333
       12441   2.3989266683005838E-002           9   8.6516945907492079E-003         -95         344
       12431   2.4177232843057655E-002          10   8.2297464603826708E-003         -96         354
       12417   2.5020834478641802E-002          14   7.8283769834640009E-003         -97         370
       12400   2.6494937696030185E-002          17   7.4465825272069606E-003         -98         389
       12382   2.7488533546207498E-002          18   7.0834084065745989E-003         -99         407
       12370   2.8641699023151203E-002          12   6.7379464970693144E-003        -100         421
       12358   2.8864309414731129E-002          12   6.4093329639485202E-003        -101         433
       12348   3.0295479237071286E-002          10   6.0967461021877766E-003        -102         447
       12331   3.2189237878906554E-002          17   5.7994042817901574E-003        -103         467
       12320   3.2767966151265843E-002          11   5.5165639933040678E-003        -104         480
       12303   3.3357146522689153E-002          17   5.2475179886622833E-003        -105         499
       12288   3.4202330776595395E-002          15   4.9915935126933408E-003        -106         518
       12278   3.4494623415278231E-002          10   4.7481506208831362E-003        -107         531
       12260   3.4992033760410206E-002          18   4.5165805791802594E-003        -108         550
       12238   3.5835007053759735E-002          22   4.2963043418437433E-003        -109         574
       12218   3.7000484466608065E-002          20   4.0867711035270605E-003        -110         596
       12198   3.8372366256755698E-002          20   3.8874569219778127E-003        -111         621
       12181   3.8908976464876309E-002          17   3.6978634079091492E-003        -112         640
       12155   4.0143418924709386E-002          26   3.5175164787669150E-003        -113         667
       12130   4.1760685484978133E-002          25   3.3459651732762924E-003        -114         698
       12105   4.2996759038263450E-002          25   3.1827805238036832E-003        -115         731
       12084   4.5151784302395179E-002          21   3.0275544837141547E-003        -116         760
       12069   4.6696870632757972E-002          15   2.8798989070422799E-003        -117         783
       12048   4.7029416574254621E-002          21   2.7394445779250179E-003        -118         811
       12022   4.7644720125634178E-002          26   2.6058402873697139E-003        -119         845
       12004   4.7435957144580945E-002          18   2.4787519550486538E-003        -120         866
       11985   4.8471025455750695E-002          19   2.3578617939242069E-003        -121         891
       11966   4.9527641809749716E-002          19   2.2428675156156777E-003        -122         917
       11946   5.0213335504890329E-002          20   2.1334815745208797E-003        -123         939
       11923   4.9971938242123447E-002          23   2.0294304488023300E-003        -124         969
       11906   5.0878453621939719E-002          17   1.9304539564401659E-003        -125         996
       11883   5.0977949054469028E-002          23   1.8363046046415519E-003        -126        1025
       11852   5.2467604314413399E-002          31   1.7467469709797668E-003        -127        1068
       11837   5.3996704110278168E-002          15   1.6615571147154925E-003        -128        1096
       11819   5.5963471914546446E-002          18   1.5805220168283039E-003        -129        1127
       11797   5.7664920327802863E-002          22   1.5034390473581461E-003        -130        1162
       11769   5.8519204112092320E-002          28   1.4301154587248719E-003        -131        1202
       11735   5.9701806451238577E-002          34   1.3603679037588814E-003        -132        1252
       11705   6.0351881542674769E-002          30   1.2940219772376821E-003        -133        1292
       11684   6.2954816046099663E-002          21   1.2309117797819757E-003        -134        1332
       11666   6.3925807687748290E-002          18   1.1708795030207851E-003        -135        1364
       11636   6.6095301141804605E-002          30   1.1137750349883163E-003        -136        1414
       11603   6.5924403755392658E-002          33   1.0594555847658429E-003        -137        1465
       11581   6.6220529490091648E-002          22   1.0077853254300214E-003        -138        1503
       11554   6.5969302772426977E-002          27   9.5863505441482540E-004        -139        1545
       11529   6.5452279447065123E-002          25   9.1188187043782004E-004        -140        1585
       11498   6.6253031958674199E-002          31   8.6740886618293231E-004        -141        1638
       11472   6.6478890890577264E-002          26   8.2510483597125653E-004        -142        1684
       11442   6.6838827210063553E-002          30   7.8486399768892508E-004        -143        1733
       11401   6.7828585542603501E-002          41   7.4658572827671619E-004        -144        1801
       11377   6.6693204734612405E-002          24   7.1017431211998615E-004        -145        1847
       11340   6.6422740321380125E-002          37   6.7553870170976933E-004        -146        1910
       11310   6.7357515114960687E-002          30   6.4259228997657475E-004        -147        1975
       11284   6.8355550442547194E-002          26   6.1125269372759442E-004        -148        2031
       11246   6.9790112218555689E-002          38   5.8144154764580320E-004        -149        2110
       11219   7.2310454894630810E-002          27   5.5308430833584190E-004        -150        2173
       11183   7.1647416365230296E-002          36   5.2611006792669583E-004        -151        2248
       11157   7.2385717557531690E-002          26   5.0045137676507710E-004        -152        2309
       11118   7.4289099327672081E-002          39   4.7604407475615375E-004        -153        2391
       11075   7.4734624732132507E-002          43   4.5282713092988851E-004        -154        2479
       11046   7.6603744027571086E-002          29   4.3074249083181916E-004        -155        2565
       11015   7.7397811005509881E-002          31   4.0973493135667915E-004        -156        2642
       10983   8.1204181151455029E-002          32   3.8975192266186561E-004        -157        2726
       10954   8.2153680892617223E-002          29   3.7074349681546782E-004        -158        2799
       10920   8.5074793838303353E-002          34   3.5266212285040596E-004        -159        2882
       10877   8.5181125636240057E-002          43   3.3546258791225270E-004        -160        2978
       10853   8.8274457585963820E-002          24   3.1910188420354287E-004        -161        3059
       10820   8.8948689652391250E-002          33   3.0353910144187532E-004        -162        3151
       10784   8.6687444556368981E-002          36   2.8873532456289433E-004        -163        3233
       10749   8.7304085537214651E-002          35   2.7465353641235602E-004        -164        3326
       10720   8.9834344637706690E-002          29   2.6125852518395855E-004        -165        3420
       10684   9.0557964045661021E-002          36   2.4851679637148271E-004        -166        3527
       10643   8.8066884917614011E-002          41   2.3639648901507753E-004        -167        3620
       10613   8.8662087948590845E-002          30   2.2486729603226238E-004        -168        3709
       10568   8.5750570070485449E-002          45   2.1390038843443243E-004        -169        3816
       10533   8.5953597649432223E-002          35   2.0346834323936862E-004        -170        3920
       10489   8.7795818346360799E-002          44   1.9354507489949602E-004        -171        4047
       10456   8.9196326357581443E-002          33   1.8410577007442569E-004        -172        4161
       10416   9.1045749576255622E-002          40   1.7512682558467710E-004        -173        4308
       10374   9.1721695916276658E-002          42   1.6658578939143321E-004        -174        4445
       10333   9.1452469978109685E-002          41   1.5846130445474729E-004        -175        4574
       10289   9.3491272263127978E-002          44   1.5073305532981683E-004        -176        4732
       10256   9.3976189197982035E-002          33   1.4338171736778823E-004        -177        4866
       10219   9.3599731735029737E-002          37   1.3638890839406758E-004        -178        5000
       10185   9.4576535841899068E-002          34   1.2973714274330781E-004        -179        5151
       10152   9.4444854440933562E-002          33   1.2340978753613621E-004        -180        5281
       10109   8.9258713521244398E-002          43   1.1739102108829111E-004        -181        5419
       10063   8.9638483993080983E-002          46   1.1166579334816883E-004        -182        5597
       10028   8.8841775680148810E-002          35   1.0621978826385438E-004        -183        5746
        9987   8.9091189800161771E-002          41   1.0103938798553369E-004        -184        5914
        9945   9.1602702376816281E-002          42   9.6111638813774816E-005        -185        6094
        9895   9.1900538711708321E-002          50   9.1424218808531160E-005        -186        6294
        9861   9.0538289633429941E-002          34   8.6965406977872171E-005        -187        6468
        9828   9.3090801385028621E-002          33   8.2724053969397503E-005        -188        6636
        9794   9.1335031678732595E-002          34   7.8689554191047699E-005        -189        6819
        9757   9.4604602355859199E-002          37   7.4851819291599101E-005        -190        7011
        9733  0.10167440992028244               24   7.1201252934530198E-005        -191        7207
        9697  0.10346978418666032               36   6.7728726802181101E-005        -192        7387
        9664  0.10509720117595692               33   6.4425557770204028E-005        -193        7590
        9621  0.10379307151648275               43   6.1283486195228923E-005        -194        7817
        9575  0.10351940032177066               46   5.8294655261452155E-005        -195        8022
        9530  0.10181630817916115               45   5.5451591334504002E-005        -196        8252
        9495  0.10321675043589806               35   5.2747185273469304E-005        -197        8516
        9451  0.10060053196862645               44   5.0174674654331700E-005        -198        8741
        9426  0.10362187960109207               25   4.7727626860390648E-005        -199        8971
        9373  0.10145900390097425               53   4.5399922997368643E-005        -200        9240
        9320   9.9553230496592773E-002          53   4.3185742592987814E-005        -201        9500
        9273   9.8279298156088130E-002          47   4.1079549042757125E-005        -202        9758
        9230   9.9263853051091561E-002          43   3.9076075765576772E-005        -203       10045
        9195   9.9373823062326685E-002          35   3.7170313034541849E-005        -204       10330
        9145  0.10009988188038871               50   3.5357495450015243E-005        -205       10632
        9105   9.9683746722583524E-002          40   3.3633090023646010E-005        -206       10950
        9069  0.10114932499060658               36   3.1992784843537018E-005        -207       11269
        9029   9.9794962308696639E-002          40   3.0432478292218920E-005        -208       11613
        8992  0.10005670836194053               37   2.8948268790469735E-005        -209       11914
        8953   9.8979842337351923E-002          39   2.7536445041334255E-005        -210       12236
        8909   9.7188527609203740E-002          44   2.6193476749948264E-005        -211       12572
        8865   9.5993577191196056E-002          44   2.4916005795962248E-005        -212       12931
        8823   9.5061987877803109E-002          42   2.3700837836491124E-005        -213       13271
        8787   9.8177561875925051E-002          36   2.2544934318592915E-005        -214       13652
        8738   9.6340453250124566E-002          49   2.1445404881303464E-005        -215       14018
        8706   9.8247935720908383E-002          32   2.0399500128228283E-005        -216       14383
        8667   9.5968406298745229E-002          39   1.9404604752619275E-005        -217       14777
        8637   9.6030836380778140E-002          30   1.8458230997745399E-005        -218       15186
        8597   9.6716289605375136E-002          40   1.7558012436204858E-005        -219       15598
        8562   9.6068404172020005E-002          35   1.6701698052623790E-005        -220       16022
        8523   9.8452357954188899E-002          39   1.5887146614945179E-005        -221       16483
        8484  0.10073374540684409               39   1.5112321320233211E-005        -222       16951
        8440  0.10132456241918986               44   1.4375284701604887E-005        -223       17459
        8390  0.10403606556318278               50   1.3674193783553467E-005        -224       17976
        8345  0.10517011351541909               45   1.3007295473549615E-005        -225       18497
        8301  0.10708328898324401               44   1.2372922178396797E-005        -226       19027
        8271  0.10901447352389412               30   1.1769487634379553E-005        -227       19553
        8241  0.11468531914832214               30   1.1195482940777848E-005        -228       20091
        8200  0.11271982263065504               41   1.0649472786829198E-005        -229       20613
        8166  0.11368732207770543               34   1.0130091862704046E-005        -230       21195
        8118  0.11299129545751185               48   9.6360414455199258E-006        -231       21794
        8074  0.11084838738362852               44   9.1660861518576815E-006        -232       22355
        8031  0.10878363431821567               43   8.7190508486593479E-006        -233       22979
        7976  0.10652591083286859               55   8.2938177147833181E-006        -234       23579
        7930  0.10634716492395303               46   7.8893234458691585E-006        -235       24214
        7877  0.10428888289958507               53   7.5045565955227789E-006        -236       24928
        7841  0.10545635651028795               36   7.1385550461735320E-006        -237       25594
        7792  0.10454580479508603               49   6.7904036032790718E-006        -238       26252
        7755  0.10646020094837957               37   6.4592317068622240E-006        -239       26987
        7718  0.11007257885708779               37   6.1442112546575237E-006        -240       27737
        7673  0.11223968087272397               45   5.8445545314241537E-006        -241       28517
        7637  0.11334435501103847               36   5.5595122392474784E-006        -242       29258
        7602  0.11434018450153799               35   5.2883716239039113E-006        -243       30077
        7555  0.11177626343368607               47   5.0304546926040428E-006        -244       30878
        7508  0.11019692156536705               47   4.7851165186574705E-006        -245       31740
        7470  0.10992012742296270               38   4.5517436288200925E-006        -246       32548
        7431  0.10793849000271445               39   4.3297524692914114E-006        -247       33388
        7385  0.10638901669053533               46   4.1185879465260269E-006        -248       34257
        7347  0.10706027393598756               38   3.9177220392106001E-006        -249       35088
        7299  0.10300909598680004               48   3.7266524779354904E-006        -250       36007
        7250  0.10077868126444293               49   3.5449014892595787E-006        -251       36935
        7212  0.10187497224192221               38   3.3720146010277666E-006        -252       37851
        7178  0.10326326503439466               34   3.2075595059538289E-006        -253       38813
        7141  0.10381445666289671               37   3.0511249806269902E-006        -254       39836
        7103  0.10330082482408200               38   2.9023198572391670E-006        -255       40877
        7066  0.10310848379114393               37   2.7607720454616719E-006        -256       41918
        7037  0.10394079252061612               29   2.6261276020255479E-006        -257       42934
        6996  0.10406745017367826               41   2.4980498456790095E-006        -258       44068
        6955  0.10047307076161170               41   2.3762185153089211E-006        -259       45151
        6922  0.10376146935074333               33   2.2603289691211699E-006        -260       46329
        6882  0.10180838379095261               40   2.1500914228774795E-006        -261       47499
        6839   9.8388295549333052E-002          43   2.0452302252838511E-006        -262       48706
        6801   9.7591126640457604E-002          38   1.9454831687187254E-006        -263       49912
        6765   9.8097480832670003E-002          36   1.8506008335773335E-006        -264       51137
        6731   9.7825618718859628E-002          34   1.7603459645927486E-006        -265       52407
        6696   9.6828157940871989E-002          35   1.6744928775741201E-006        -266       53700
        6664   9.9278074593638299E-002          32   1.5928268950786263E-006        -267       55002
        6627   9.9201982853374684E-002          37   1.5151438096060308E-006        -268       56307
        6598  0.10139935005744545               29   1.4412493729735496E-006        -269       57717
        6557  0.10182076072483066               41   1.3709588105942006E-006        -270       59094
        6527  0.10246774540696546               30   1.3040963594440773E-006        -271       60472
        6497  0.10427602655101177               30   1.2404948285632251E-006        -272       61967
        6465  0.10591398646092423               32   1.1799951809911438E-006        -273       63372
        6428  0.10320411493519328               37   1.1224461360915339E-006        -274       64897
        6396  0.10329937023285245               32   1.0677037912718987E-006        -275       66464
        6366  0.10624267035045533               30   1.0156312621520943E-006        -276       68035
        6327  0.10331442266260306               39   9.6609834028207115E-007        -277       69626
        6291  0.10238704964635680               36   9.1898116755291525E-007        -278       71245
        6259  0.10201697765233771               32   8.7416192648705240E-007        -279       72831
        6217  0.10133430516431403               42   8.3152854563317724E-007        -280       74550
        6185  0.10103620486859961               32   7.9097441932924106E-007        -281       76281
        6153   9.9093628782586429E-002          32   7.5239814113276005E-007        -282       77979
        6115   9.8040824109665275E-002          38   7.1570325025188189E-007        -283       79775
        6089   9.8396213319146580E-002          26   6.8079799034315414E-007        -284       81594
        6058  0.10165030950624858               31   6.4759508007286516E-007        -285       83498
        6019  0.10061836248081799               39   6.1601149486824105E-007        -286       85440
        5990  0.10310392834875040               29   5.8596825931276113E-007        -287       87415
        5959  0.10330554372800858               31   5.5739024966647479E-007        -288       89340
        5928  0.10343054423575201               31   5.3020600601751579E-007        -289       91340
        5890  0.10242777639129787               38   5.0434755359509549E-007        -290       93393
        5861  0.10200625363483555               29   4.7975023279716392E-007        -291       95441
        5836  0.10743581699793472               25   4.5635253750772068E-007        -292       97518
        5803  0.10391208727397283               33   4.3409596129948297E-007        -293       99660
        5778  0.10600185637861999               25   4.1292485113733839E-007        -294      101794
        5740  0.10790818834850165               38   3.9278626821676481E-007        -295      103958
        5708  0.10934781070839024               32   3.7362985558924037E-007        -296      106125
        5674  0.10871627280331211               34   3.5540771224363864E-007        -297      108400
        5642  0.10990754198033141               32   3.3807427332874677E-007        -298      110813
        5612  0.10594485093075481               30   3.2158619621740051E-007        -299      113198
        5579  0.10394488251251280               33   3.0590225212733660E-007        -300      115604
        5553  0.10269894663924407               26   2.9098322302775935E-007        -301      118013
        5514  0.10049282369193649               39   2.7679180357383248E-007        -302      120411
        5491  0.10656144580722680               23   2.6329250782388313E-007        -303      123098
        5461  0.10884331012115814               30   2.5045158050606109E-007        -304      125638
        5418  0.10217727106449748               43   2.3823691261257443E-007        -305      128256
        5382   9.7889250263286612E-002          36   2.2661796111044252E-007        -306      130907
        5351   9.6045920311969471E-002          31   2.1556567256800249E-007        -307      133626
        5318   9.6768322743838675E-002          33   2.0505241050619441E-007        -308      136400
        5303  0.10002445800128934               15   1.9505188629296649E-007        -309      139058
        5277   9.9894781529975996E-002          26   1.8553909340799983E-007        -310      141912
        5256  0.10163286556033180               21   1.7649024491338043E-007        -311      144745
        5224   9.8983898555852837E-002          32   1.6788271397386254E-007        -312      147628
        5186   9.5635853562364190E-002          38   1.5969497727799322E-007        -313      150695
        5151   9.5622663594317064E-002          35   1.5190656121862088E-007        -314      153666
        5129  0.10062420492178191               22   1.4449799069821184E-007        -315      156670
        5106  0.10531994191998607               23   1.3745074043096080E-007        -316      159817
        5081  0.10677175801673321               25   1.3074718861992559E-007        -317      163049
        5047  0.10477943946241063               34   1.2437057289335483E-007        -318      166320
        5022  0.10831811824439513               25   1.1830494839002597E-007        -319      169657
        4998  0.10742522572543986               24   1.1253514788878586E-007        -320      172957
        4972  0.10852832621264215               26   1.0704674388259647E-007        -321      176426
        4947  0.10972644920899417               25   1.0182601250225127E-007        -322      179987
        4920  0.11133972819111389               27   9.6859899199552743E-008        -323      183525
        4886  0.10713488003248559               34   9.2135986104141074E-008        -324      187022
        4849  0.10420816202002951               37   8.7642460972349168E-008        -325      190817
        4813   9.9268521612899507E-002          36   8.3368087650439929E-008        -326      194642
        4785   9.9262565665327637E-002          28   7.9302177978368328E-008        -327      198454
        4757   9.8061270720944269E-002          28   7.5434565063813368E-008        -328      202376
        4723   9.3328236148593327E-002          34   7.1755577859650785E-008        -329      206339
        4702   9.7319123675695604E-002          21   6.8256016981297097E-008        -330      210285
        4675   9.9842208049027936E-002          27   6.4927131703455709E-008        -331      214243
        4648   9.7219353031511760E-002          27   6.1760598078745017E-008        -332      218403
        4617   9.3101386715527507E-002          31   5.8748498123493477E-008        -333      222645
        4594  0.10001281645220421               23   5.5883300018655677E-008        -334      226948
        4567  0.10035839564025174               27   5.3157839276340903E-008        -335      231263
        4546  0.10233236080591879               21   5.0565300824861125E-008        -336      235648
        4519   9.9801086309790232E-002          27   4.8099201967501428E-008        -337      240109
        4495   9.7405891430992542E-002          24   4.5753376172401070E-008        -338      244728
        4474   9.9970062014718350E-002          21   4.3521957653011369E-008        -339      249459
        4443   9.9418564711739585E-002          31   4.1399366700573516E-008        -340      254120
        4409   9.8998927185459509E-002          34   3.9380295731939961E-008        -341      258951
        4390  0.10382890577251964               19   3.7459696017851525E-008        -342      263801
        4371  0.10791633926627528               19   3.5632765058484118E-008        -343      268724
        4330  0.10363032107611372               41   3.3894934574697302E-008        -344      273871
        4302  0.10504655930543773               28   3.2241859084956614E-008        -345      279094
        4275  0.10636127598822320               27   3.0669405039365911E-008        -346      284528
        4256  0.11080729296730031               19   2.9173640483639277E-008        -347      289670
        4239  0.11472540259976008               17   2.7750825227166946E-008        -348      295107
        4213  0.11652558933497112               26   2.6397401490590313E-008        -349      300472
        4184  0.11209471412504365               29   2.5109985009500116E-008        -350      305974
        4152  0.10850718265752744               32   2.3885356572012373E-008        -351      311605
        4121  0.10699347897284109               31   2.2720453969061619E-008        -352      317334
        4092  0.11010783196496143               29   2.1612364337282983E-008        -353      323141
        4063  0.11238070446944905               29   2.0558316875336308E-008        -354      329140
        4032  0.11328025915795353               31   1.9555675915459358E-008        -355      335282
        4003  0.11115520365789305               29   1.8601934332925356E-008        -356      341521
        3972  0.11333804353585469               31   1.7694707276925077E-008        -357      347822
        3945  0.11839881996130129               27   1.6831726207197424E-008        -358      354342
        3914  0.11593013076622839               31   1.6010833221496991E-008        -359      360862
        3897  0.11851536572849471               17   1.5229975659714281E-008        -360      367335
        3875  0.12079927488042047               22   1.4487200971156090E-008        -361      373912
        3848  0.12436363859051996               27   1.3780651832151606E-008        -362      380755
        3812  0.12118621115106919               36   1.3108561501775643E-008        -363      387505
        3778  0.11959938855160814               34   1.2469249404075946E-008        -364      394520
        3746  0.11899563907280775               32   1.1861116925757812E-008        -365      401585
        3723  0.12103017225318045               23   1.1282643418818058E-008        -366      408905
        3688  0.11691830219515631               35   1.0732382398132823E-008        -367      416089
        3649  0.11562516169876469               39   1.0208957924491210E-008        -368      423729
        3626  0.11725170270742474               23   9.7110611640304743E-009        -369      431080
        3603  0.12306584234318181               23   9.2374471154695072E-009        -370      438710
        3575  0.11997628304389227               28   8.7869314969570648E-009        -371      446646
        3541  0.11744173908382062               34   8.3583877847501833E-009        -372      454376
        3513  0.11948192738753689               28   7.9507443963179485E-009        -373      462392
        3485  0.12082292388208926               28   7.5629820108269378E-009        -374      470224
        3455  0.12744982577103528               30   7.1941310203081155E-009        -375      478507
        3428  0.12663040155620567               27   6.8432691051317907E-009        -376      486971
        3404  0.13023499889956003               24   6.5095189277280600E-009        -377      495254
        3370  0.13214510860028575               34   6.1920459387858337E-009        -378      503814
        3343  0.13605880838753820               27   5.8900562904447974E-009        -379      512576
        3307  0.13570102729339137               36   5.6027948512622079E-009        -380      521360
        3289  0.13995606171486646               18   5.3295433179908942E-009        -381      530042
        3261  0.14180869663469914               28   5.0696184194469443E-009        -382      539228
        3229  0.14279861061234689               32   4.8223702079757903E-009        -383      548479
        3198  0.14428772793797459               31   4.5871804342444837E-009        -384      557712
        3154  0.13564694685494005               44   4.3634610012962843E-009        -385      567024
        3130  0.14610526331292933               24   4.1506524940018961E-009        -386      576733
        3098  0.14779648663388920               32   3.9482227802302220E-009        -387      586399
        3061  0.14354201882782539               37   3.7556656802408141E-009        -388      596090
        3026  0.14457593316605599               35   3.5724997009708327E-009        -389      606117
        2992  0.14817303458906275               34   3.3982668320515517E-009        -390      616153
        2964  0.14982976250319965               28   3.2325314005438384E-009        -391      626450
        2933  0.15281047308269416               31   3.0748789815288391E-009        -392      636919
        2900  0.15608967893723366               33   2.9249153618297875E-009        -393      647458
        2867  0.15653157411925447               33   2.7822655542736973E-009        -394      657924
        2843  0.16437703522216118               24   2.6465728600280785E-009        -395      668851
        2797  0.16657614468492915               46   2.5174979766680360E-009        -396      679692
        2762  0.16646021296471222               35   2.3947181497434437E-009        -397      690818
        2735  0.17247207877477735               27   2.2779263657246831E-009        -398      702128
        2699  0.17417007311486202               36   2.1668305843088787E-009        -399      713496
        2658  0.17431117682130501               41   2.0611530081670017E-009        -400      724940
        2628  0.17984275357164223               30   1.9606293883058299E-009        -401      736487
        2592  0.18063949331627821               36   1.8650083633078019E-009        -402      748245
        2553  0.18374892968544104               39   1.7740508307965283E-009        -403      760198
        2520  0.18447352310999784               33   1.6875293495562878E-009        -404      772163
        2481  0.19226305775082439               39   1.6052275708105042E-009        -405      784225
        2432  0.18992876750233206               49   1.5269396972370962E-009        -406      796347
        2399  0.19262369169891669               33   1.4524699683679631E-009        -407      808815
        2361  0.19454023944342028               38   1.3816321710858316E-009        -408      821384
        2322  0.19928299658410548               39   1.3142491739944557E-009        -409      834464
        2282  0.20503733811517996               40   1.2501524844978487E-009        -410      847423
        2241  0.20942539535119806               41   1.1891818274810170E-009        -411      860622
        2204  0.22019161061139300               37   1.1311847445386768E-009        -412      874130
        2159  0.22543326440491313               45   1.0760162127498181E-009        -413      887874
        2125  0.23350628700188392               34   1.0235382820448518E-009        -414      901667
        2070  0.23394166950953971               55   9.7361973025857069E-010        -415      915535
        2027  0.23776681025932819               43   9.2613573500637580E-010        -416      929355
        1990  0.24246014869100996               37   8.8096756156328864E-010        -417      943331
        1950  0.24788133357226907               40   8.3800226596528406E-010        -418      957306
        1904  0.24361162501626468               46   7.9713241259054149E-010        -419      971560
        1854  0.24286535247309710               50   7.5825580551442192E-010        -420      985978
        1807  0.24197510084681309               47   7.2127523296641688E-010        -421     1000318
        1751  0.23377491680612844               56   6.8609822425008022E-010        -422     1014989
        1698  0.23177509216996067               53   6.5263681851811331E-010        -423     1030089
        1651  0.23309655638398993               47   6.2080734482442431E-010        -424     1045030
        1598  0.23311658850634104               53   5.9053021290317413E-010        -425     1060219
        1550  0.22702068494017288               48   5.6172971415164920E-010        -426     1075391
        1506  0.22661875830353959               44   5.3433383231931410E-010        -427     1090827
        1457  0.22704969782057566               49   5.0827406342966849E-010        -428     1106436
        1422  0.22726410792192711               35   4.8348524448461847E-010        -429     1122127
        1377  0.22497693948618544               45   4.5990539052303437E-010        -430     1137659
        1334  0.22405661753849329               43   4.3747553962605745E-010        -431     1153476
        1297  0.23045386104745830               37   4.1613960548158576E-010        -432     1169383
        1252  0.22919299763307091               45   3.9584423713927605E-010        -433     1185347
        1205  0.22889830523197749               47   3.7653868560537452E-010        -434     1201647
        1155  0.22753068805917381               50   3.5817467694379478E-010        -435     1218030
        1121  0.23179358921713905               34   3.4070629156612910E-010        -436     1234564
        1081  0.23121791818347359               40   3.2408984940875572E-010        -437     1251063
        1034  0.22174911648240245               47   3.0828380070992442E-010        -438     1267893
        1002  0.22164602586779322               32   2.9324862211370698E-010        -439     1284559
         963  0.21525045622686226               39   2.7894671784101732E-010        -440     1301637
         923  0.20815016147180221               40   2.6534232568057852E-010        -441     1319207
         876  0.19768355546535274               47   2.5240142756476403E-010        -442     1336710
         835  0.19104371470176487               41   2.4009166450670693E-010        -443     1354271
         790  0.18189669047417084               45   2.2838225568597528E-010        -444     1372292
         744  0.17164030883673195               46   2.1724392148048585E-010        -445     1390364
         704  0.15918708731752251               40   2.0664881025219551E-010        -446     1408528
         665  0.15233865811858865               39   1.9657042870349678E-010        -447     1427367
         636  0.15087058664952949               29   1.8698357563017226E-010        -448     1446137
         605  0.14805224894737959               31   1.7786427890525529E-010        -449     1464776
         578  0.14058906830045079               27   1.6918973553622430E-010        -450     1483992
         552  0.13816489245561239               26   1.6093825464564228E-010        -451     1503378
         524  0.13667689162740115               28   1.5308920323266334E-010        -452     1523142
         495  0.13389787827578559               29   1.4562295457978164E-010        -453     1543054
         467  0.12739527031440673               28   1.3852083917581324E-010        -454     1563161
         440  0.11992987737174048               27   1.3176509803239214E-010        -455     1583247
         422  0.11944499435632457               18   1.2533883827724782E-010        -456     1603970
         396  0.11557449029649261               26   1.1922599091322423E-010        -457     1624786
         370  0.10899328231420968               26   1.1341127063741566E-010        -458     1645846
         344   9.9919472539437462E-002          26   1.0788013761994665E-010        -459     1667035
         330   9.8990954282142801E-002          14   1.0261876114682274E-010        -460     1689034
         308   9.3439917384183738E-002          22   9.7613985035940344E-011        -461     1711334
         283   8.6121714108381611E-002          25   9.2853294739777746E-011        -462     1733507
         259   7.8188430856239957E-002          24   8.8324786052506862E-011        -463     1756079
         242   7.6751375343319300E-002          17   8.4017135343277154E-011        -464     1779405
         228   7.3841361408627570E-002          14   7.9919571241239404E-011        -465     1802461
         211   7.2749444661115742E-002          17   7.6021847701507281E-011        -466     1825903
         192   6.4131538566309335E-002          19   7.2314218384707407E-011        -467     1849420
         178   6.0139526043881349E-002          14   6.8787412286053565E-011        -468     1872938
         168   5.6639597375545511E-002          10   6.5432610553004989E-011        -469     1897030
         156   5.6035245021292784E-002          12   6.2241424433540808E-011        -470     1921577
         144   5.0348831153509889E-002          12   5.9205874299909884E-011        -471     1946599
         132   4.8614962474621930E-002          12   5.6318369695404435E-011        -472     1971575
         122   4.4611865021364404E-002          10   5.3571690354263997E-011        -473     1997088
         108   3.8885936023086487E-002          14   5.0958968147249603E-011        -474     2022740
          99   3.6078474340983845E-002           9   4.8473669907742757E-011        -475     2049103
          84   2.8110658690083813E-002          15   4.6109581095425404E-011        -476     2075571
          80   2.8164189232902086E-002           4   4.3860790256691678E-011        -477     2102404
          73   2.5299697486942080E-002           7   4.1721674242934276E-011        -478     2129070
          69   2.4234526863661728E-002           4   3.9686884149743600E-011        -479     2156747
          58   2.0831867367299826E-002          11   3.7751331941860181E-011        -480     2184806
          56   2.0297677064729801E-002           2   3.5910177730435915E-011        -481     2213089
          47   1.6265067253655178E-002           9   3.4158817670790612E-011        -482     2241581
          44   1.4524983699816925E-002           3   3.2492872450401898E-011        -483     2270585
          40   1.3329453673050438E-002           4   3.0908176338342513E-011        -484     2299796
          36   1.1009735718364382E-002           4   2.9400766768782856E-011        -485     2329367
          35   1.1564401107771318E-002           1   2.7966874432512088E-011        -486     2358954
          31   9.8222204434529389E-003           4   2.6602913851701492E-011        -487     2388905
          29   9.2296674263528059E-003           2   2.5305474414342035E-011        -488     2419097
          27   9.2345089831068206E-003           2   2.4071311845937593E-011        -489     2449516
          22   6.3437885727904500E-003           5   2.2897340097128587E-011        -490     2480538
          21   5.7577164384089146E-003           1   2.1780623626960921E-011        -491     2511993
          19   5.7518711316154447E-003           2   2.0718370062504303E-011        -492     2543832
          19   5.7560995305001531E-003           0   1.9707923216465242E-011        -493     2576692
          17   5.1915368383977853E-003           2   1.8746756445335073E-011        -494     2610621
          17   5.1745177030341006E-003           0   1.7832466331464907E-011        -495     2644233
          15   4.0166523805080399E-003           2   1.6962766673269477E-011        -496     2678503
          14   4.0027415129749661E-003           1   1.6135482768532145E-011        -497     2712759
          13   3.9898738004622751E-003           1   1.5348545976516460E-011        -498     2747569
          11   3.9595456653465123E-003           2   1.4599988545286665E-011        -499     2781944
          11   4.4968970449261857E-003           0   1.3887938691302730E-011        -500     2817438
          11   4.4719498355158130E-003           0   1.3210615918986419E-011        -501     2853720
           9   3.3291653989500642E-003           2   1.2566326568554780E-011        -502     2890242
           9   3.3031705165212570E-003           0   1.1953459580988373E-011        -503     2927319
           8   2.7251211473003751E-003           1   1.1370482469544447E-011        -504     2965109
           8   2.7019805592880704E-003           0   1.0815937487741720E-011        -505     3004466
           8   3.2151667128655077E-003           0   1.0288437984234772E-011        -506     3044129
           7   2.6568868208058168E-003           1   9.7866649354632942E-012        -507     3084348
           6   2.6305270534808813E-003           1   9.3093636474060512E-012        -508     3125140
           4   1.5624639770198136E-003           2   8.8553406181921825E-012        -509     3167167
           3   1.0294418002243569E-003           1   8.4234605537247790E-012        -510     3210031
           3   1.0170733911117303E-003           0   8.0126435288542029E-012        -511     3253587
           3   1.5102083271083546E-003           0   7.6218622870026234E-012        -512     3298243
           3   1.4932471831038548E-003           0   7.2501396714874267E-012        -513     3343806
           3   1.4820667330658617E-003           0   6.8965461821204539E-012        -514     3391233
           3   1.4731454976316027E-003           0   6.5601976509733069E-012        -515     3439944
           2   9.7283828612632550E-004           1   6.2402530314969244E-012        -516     3489090
           2   9.6176978502479974E-004           0   5.9359122954670559E-012        -517     3538992
